19.9841738236332	959.64203
19.9841738236332	959.64203
19.9939695607938	959.21298
20.0037426357189	958.78548
20.013557571258	958.35634
20.023349809536	957.92875
20.0331839999483	957.49953
20.0429954579986	957.01999
20.0528165312832	956.59229
20.0626796944648	956.16295
20.0725200725201	955.73516
20.0824026327382	955.30574
20.0922623725397	954.87786
20.1021317986545	954.39819
20.1120435458182	953.96866
20.1219324195163	953.54066
20.1318637072827	953.11104
20.1417720861028	952.68296
20.1517229723141	952.25325
20.1616509140219	951.77345
20.1715886427449	951.34526
20.1815690193385	950.91544
20.1915263979782	950.48715
20.2015265185764	950.05724
20.2115036054715	949.62888
20.2214905521608	949.20046
20.231520382441	948.71892
20.2415271252787	948.29044
20.2515768465682	947.86033
20.2616034444726	947.43176
20.271639975674	947.00314
20.2817196281249	946.5729
20.2917761031608	946.1442
20.3018757950886	945.6625
20.3119522734644	945.23373
20.3220720646897	944.80333
20.3321686061479	944.37447
20.3422751850491	943.94557
20.3524252212506	943.51503
20.362551953245	943.08604
20.3727222392908	942.65542
20.3828691847181	942.17513
20.3930262428645	941.74602
20.4032270007092	941.31529
20.4134043632006	940.8861
20.4236255229436	940.45527
20.4338232507247	940.02599
20.4440311672553	939.59667
20.4542830278937	939.16571
20.4645114015385	938.68524
20.4747838176555	938.25421
20.4850327099716	937.82473
20.4953257434514	937.39362
20.5055952162431	936.96405
20.5158749855231	936.53443
20.5261990445385	936.10319
20.5364994874156	935.67348
20.5468443195432	935.24215
20.557165498445	934.81236
20.5674970517156	934.33164
20.5778731440501	933.9002
20.5882255274072	933.47029
20.5986225501759	933.03875
20.6089958266783	932.60876
20.6193795562177	932.17872
20.6298080762371	931.74705
20.6402127939358	931.31693
20.6506624033041	930.88517
20.66108817286	930.45496
20.6715589356148	930.02311
20.6820058209839	929.59281
20.6924632708777	929.11181
20.7029658668198	928.67985
20.7134445288944	928.24943
20.7239684394016	927.81738
20.7344683782636	927.38687
20.7449789622492	926.95633
20.7555349488058	926.52414
20.7660669069278	926.0935
20.7766443708698	925.66123
20.7871977683937	925.23051
20.7977618924622	924.79973
20.8083716777924	924.36733
20.8189573396059	923.93647
20.8295887668044	923.50398
20.8401960322956	923.07303
20.8508491676476	922.64045
20.8614781030187	922.15905
20.8721178803354	921.72799
20.8828036848044	921.29529
20.8934652317574	920.86414
20.9041729112264	920.43135
20.9148562946971	920.00011
20.9255506035503	919.56883
20.9362912035497	919.13591
20.9470074497018	918.70453
20.9577700932621	918.27152
20.9685083442826	917.84006
20.9792576049809	917.40855
20.9900534230715	916.97541
21.0008247904575	916.54381
21.0116428224059	916.11058
21.0224363647461	915.6789
21.0332766791849	915.24558
21.0440924650269	914.8138
21.0549193800345	914.38198
21.0657932290463	913.94853
21.0766424908512	913.51662
21.0875387951193	913.08308
21.0984104729787	912.65108
21.1092933664046	912.21904
21.1202234655902	911.78536
21.1311288794367	911.35323
21.142081608435	910.91946
21.1530096126782	910.48724
21.1639489197852	910.05497
21.1749357067476	909.62107
21.1858977097019	909.18872
21.1969073028474	908.75473
21.2078920723531	908.32228
21.2189245427664	907.8882
21.2299321498217	907.45567
21.2409511834978	907.02309
21.2520180847818	906.58887
21.2630600630004	906.15621
21.2741500205021	905.7219
21.2852150150026	905.28915
21.2962915256217	904.85634
21.3074161836699	904.4219
21.3185158186826	903.98901
21.3296637137697	903.55448
21.3407865456667	903.1215
21.3519209841169	902.68848
21.36310385225	902.25381
21.3742615968297	901.8207
21.3854678847185	901.38594
21.3966490086795	900.95274
21.4078787899714	900.51789
21.4190833668726	900.0846
21.4302996785455	899.65126
21.4415648192338	899.21628
21.4528046947041	898.78285
21.4640935142087	898.34778
21.4753570278106	897.91426
21.4866323689186	897.53001
21.4979568272483	897.09479
21.5092559185146	896.66112
21.5206042430301	896.2258
21.5319271595742	895.79204
21.5432619973384	1193.811
21.5546462430599	1193.2304
21.5660050193138	1192.6518
21.5774133205725	1192.0711
21.5887961112311	1191.4925
21.6002285443536	1190.9116
21.6116354256534	1190.3329
21.6230543610562	1189.754
21.6345231157901	1189.173
21.6459662567316	1188.5941
21.6574593355002	1188.0783
21.6689267590276	1187.4992
21.6804063327768	1186.9201
21.6919360227835	1186.3387
21.7034399952392	1185.7594
21.7149942034975	1185.178
21.7265226525281	1184.5986
21.738063348924	1184.0191
21.7496544611348	1183.4375
21.7612197514658	1182.8579
21.772835578218	1182.2761
21.7844255411849	1181.7616
21.7960661616073	1181.1796
21.8076808762467	1180.5998
21.8193079760128	1180.0199
21.830985915493	1179.4378
21.8426378860554	1178.8578
21.8543408184451	1178.2756
21.8660177396886	1177.6954
21.8777071457179	1177.1152
21.8894476974596	1176.5977
21.9011621745735	1176.0174
21.9129279206045	1175.4348
21.9246675495471	1174.8543
21.9364197640066	1174.2738
21.9482234329145	1173.6911
21.9600009209033	1173.1104
21.9718299876497	1172.5923
21.9836328307828	1172.0115
21.9954873774284	1171.4285
22.0073156576727	1170.8476
22.0191566662997	1170.2666
22.0310495663081	1169.6835
22.0429161355924	1169.1023
22.0548347221358	1168.5836
22.0667269349316	1168.0024
22.078631979474	1167.4211
22.0905892308378	1166.8376
22.1025200437773	1166.2561
22.1145031905521	1165.6725
22.1264598556427	1165.1554
22.1384294569658	1164.5738
22.1504515834	1163.9899
22.1624471631174	1163.4082
22.1744953961098	1162.8242
22.1865170388872	1162.2423
22.1985914635675	1161.7226
22.210639254439	1161.1405
22.2227001297519	1160.5584
22.2348139806772	1159.9741
22.2469011322596	1159.3919
22.2590413892514	1158.8717
22.2711549030666	1158.2893
22.2832816085654	1157.7069
22.2954616149466	1157.1223
22.3076148122562	1156.5398
22.3198214414285	1156.0191
22.3320012174543	1155.4364
22.3441942935811	1154.8537
22.3564409988281	1154.2687
22.368660784671	1153.6858
22.3809343318118	1153.1647
22.393180915231	1152.5817
22.4054813926091	1151.9965
22.4177548618506	1151.4133
22.4300417849972	1150.8301
22.4423828018953	1150.3086
22.4546967438879	1149.7252
22.4670649135109	1149.1397
22.4794059635689	1148.5562
22.4917605788363	1148.0364
22.5041696233637	1147.4506
22.5165514811896	1146.8669
22.528987903387	1146.2811
22.5413970939776	1145.7609
22.5538199623133	1145.177
22.5662975985092	1144.5909
22.5787479355923	1144.0069
22.591253176895	1143.4843
22.6037310739324	1142.9001
22.6162640120523	1142.3137
22.6287695606551	1141.7294
22.6412889466688	1141.2086
22.6538635798951	1140.622
22.6664107555775	1140.0375
22.6790133166045	1139.4508
22.6915883745869	1138.9296
22.7041773855407	1138.3449
22.7168219898837	1137.7579
22.7294390227808	1137.2364
22.7421117884837	1136.6494
22.7547569369895	1136.0644
22.7674161553178	1135.4793
22.7801313164344	1134.9553
22.7928187915762	1134.3701
22.8055623502236	1133.7827
22.8182781768932	1133.2606
22.8310502283105	1132.673
22.843794501646	1132.0876
22.8565530106136	1131.5652
22.8693679570646	1130.9774
22.8821550561259	1130.3917
22.894998735236	1129.8038
22.9078145205986	1129.2811
22.9206446616155	1128.6952
22.933531597413	1128.1071
22.9463905697737	1127.584
22.9593064808197	1126.9958
22.9721943818164	1126.4096
22.9850967598428	1125.8862
22.9980562933068	1125.2978
23.010987746649	1124.7114
23.0239765006898	1124.1856
23.0369371277398	1123.5991
23.0499552012968	1123.0732
23.0629451008911	1122.4865
23.0759496497666	1121.8998
23.0890118647729	1121.3735
23.1020458352042	1120.7866
23.1151376189544	1400.2469
23.1282011108997	1399.5914
23.1412793768277	1398.8576
23.1544156777802	1398.1209
23.1675236159273	1397.4651
23.1806897376843	1396.7283
23.1938274491466	1396.0722
23.2069800607125	1395.3379
23.2201910797014	1394.6008
23.2333736170053	1393.9444
23.2466147117326	1393.2071
23.2598272770245	1392.5505
23.2730985503112	1391.813
23.2863412463075	1391.0781
23.2995990214168	1390.4212
23.3129157313299	1389.6834
23.326203792013	1389.0262
23.339550939511	1388.2883
23.3528693896615	1387.5529
23.3662030485358	1386.8953
23.3795960232061	1386.1572
23.3929602281946	1385.4993
23.4063839024482	1384.7609
23.4197787586384	1384.1029
23.433188954653	1383.367
23.4466588511137	1382.6283
23.4600998567799	1381.9699
23.4736007178379	1381.2311
23.4870726394545	1380.5724
23.5006045720047	1379.8334
23.5141075163603	1379.1745
23.5276259866424	1378.4379
23.5412047021658	1377.7761
23.5547543562049	1377.0394
23.56836441253	1376.2999
23.5819453583505	1375.6404
23.5955419648617	1374.9034
23.6091992102342	1374.241
23.622827271411	1373.5038
23.6365161300161	1372.8411
23.6501757551368	1372.1037
23.663896336867	1371.4408
23.6775876357165	1370.7033
23.6912947865777	1370.0428
23.7050631338476	1369.3023
23.7188021239805	1368.6416
23.7326024712529	1367.901
23.7463734117219	1367.24
23.7601603427595	1366.5019
23.7740088730736	1365.838
23.7878279219222	1365.0997
23.8017087323479	1364.4355
23.81556001137	1363.697
23.8294274211371	1363.0353
23.8433568369864	1362.2939
23.8572566463623	1361.632
23.8712186257108	1360.9672
23.8851509483753	1360.2282
23.8991456055446	1359.5632
23.9131105557098	1358.824
23.9270918356518	1358.1614
23.941135697971	1357.4194
23.9551497776421	1356.7565
23.9692266058415	1356.0143
23.9832736007984	1355.3512
23.9973370696929	1354.688
24.0114635374308	1353.9455
24.0255600958697	1353.282
24.0397198209429	1352.5392
24.053849585847	1351.8756
24.0679959705516	1351.2118
24.0822057746799	1350.4687
24.0963855421687	1349.8046
24.1106288985331	1349.0614
24.1248421671112	1348.3971
24.1391191946878	1347.7299
24.15336608322	1346.989
24.1676297986875	1346.3244
24.181957529462	1345.5806
24.1962550441387	1613.8988
24.2106167459369	1613.0975
24.2249481801008	1612.2078
24.2392965912512	1611.4094
24.2537094483846	1610.5163
24.2680919604117	1609.7176
24.2825390919505	1608.9156
24.2969558265668	1608.0253
24.3113896900102	1607.2262
24.3258884344133	1606.4237
24.3403567040016	1605.533
24.3548900298151	1604.7302
24.3693928287166	1603.9305
24.3839608598099	1603.0362
24.3984983117813	1602.2362
24.4130531082345	1601.436
24.4276734020066	1600.5414
24.4422630381733	1599.7409
24.4569183493947	1598.937
24.4715429505182	1598.0453
24.4861850523688	1597.2443
24.500893097071	1596.4399
24.5155703527672	1595.5478
24.5303137308431	1594.7432
24.545026267137	1593.9416
24.5597564622859	1593.1398
24.5745530503164	1592.244
24.5893187172308	1591.4419
24.6041509583714	1590.6365
24.6189522253349	1589.7435
24.6338202486029	1588.9377
24.6486572445187	1588.1351
24.6635121239063	1587.3322
24.6784340339488	1586.4355
24.6933248367054	1585.6324
24.7082828540458	1584.8258
24.7232097106388	1584.0224
24.7381546134663	1583.1284
24.7531670080208	1582.3214
24.7681481614644	1581.5175
24.7831969924391	1580.7101
24.798214528554	1579.8156
24.8132502756472	1579.0112
24.8283539802454	1578.2034
24.8434263091885	1577.3987
24.8585667833416	1839.2505
24.873675827802	1838.3113
24.8888532059452	1837.3681
24.9039991002426	1836.4286
24.919163439568	1835.4888
24.9343963965776	1834.5451
24.9495977883389	1833.4999
24.964867988194	1832.5558
24.9801065683579	1831.6153
24.995363763173	1830.6747
25.0106900530065	1829.73
25.025984641311	1828.6841
25.0413485170069	1827.7391
25.0566806364397	1826.7977
25.0720315422332	1825.8561
25.087452025306	1824.9105
25.102840669841	1823.9685
25.118299086018	1823.0225
25.1337256086314	1821.9755
25.1492220980536	1821.0292
25.164686638769	1820.0864
25.180170209828	1819.1435
25.1957240418005	1818.1966
25.2112458421776	1817.2532
25.2268381006632	1816.3059
25.2423982721171	1815.3622
25.2579776507637	1814.4183
25.273627784685	1813.3662
25.2892457482456	1812.4219
25.304934666332	1811.4737
25.3205913583272	1810.529
25.3362674365623	1809.5842
25.3520147695931	1808.6353
25.367729792762	1807.6901
25.3835162720622	1806.7409
25.3992703854749	1805.7953
25.4150961571965	1804.8457
25.4308895068869	1803.8997
25.4467024972655	1802.9535
25.4625874506406	1802.0033
25.4784398975931	1801.0567
25.4943645118446	1800.1061
25.5102565632336	2056.1819
25.5261684397747	2055.0994
25.5421527915101	2054.0123
25.5581044955469	2052.9294
25.574128881235	2051.8419
25.5901205624874	2050.7585
25.6061322556731	2049.675
25.6222169416578	2048.5868
25.6382688379248	2047.5028
25.6543939356323	2046.4141
25.6704861865872	2045.3297
25.6866518485068	2044.2406
25.7027846065194	2043.1557
25.7189376419468	2042.0705
25.7351644041168	2040.9808
25.7513581764716	2039.8952
25.7676258873207	2038.805
25.7838605509013	2037.7189
25.8001156843897	2036.6326
25.8164450755131	2035.5418
25.8327413330111	2034.4551
25.8491120621546	2033.4817
25.8654495999199	2032.3944
25.8818078025302	2031.307
25.8982407993367	2030.215
25.9146405179584	2029.1271
25.9311152470775	2028.0346
25.9475566399588	2026.9463
25.9640732605641	2025.8533
25.9805564867583	2024.8822
25.9970606549163	2023.7931
26.0136403782048	2022.6995
26.0301866196444	2021.61
26.0468086357774	2020.5159
26.0633971115871	2019.4259
26.0800067303243	2018.4532
26.0966924546886	2017.3584
26.11334455084	2016.2677
26.1300729745506	2015.1724
26.1467677112722	2265.8414
26.1634837944647	2264.7456
26.1802765397275	2263.5126
26.1970355096591	2262.2843
26.2138713659964	2261.0508
26.2306733879242	2259.9538
26.2475525215643	2258.7197
26.2643977615955	2257.4903
26.2812646374987	2256.3924
26.2982089647201	2255.1575
26.3151193093555	2253.9273
26.3321073330672	2252.6919
26.3490613146907	2251.5928
26.3660371420917	2250.3617
26.3830909918766	2249.1255
26.4001107101417	2248.0255
26.4172086810356	2246.7887
26.4342724606044	2245.688
26.4513582985804	2244.4557
26.4685227362476	2243.2181
26.4856528927032	2242.1165
26.5028618816177	2240.8784
26.5200365292116	2239.7761
26.5372902430516	2238.5374
26.5545095553405	2237.3034
26.5717512284078	2484.6669
26.5890723201324	2483.2897
26.6063589197818	2482.0633
26.6237251744498	2480.6854
26.641056876508	2479.4583
26.6584111586949	2478.0853
26.6758454521986	2476.8521
26.6932451021124	2475.4785
26.7107250023157	2474.2445
26.7281701980902	2472.8702
26.7456381962224	2471.6411
26.7631868048856	2470.2607
26.7807006176839	2469.0309
26.7982952826356	2714.5746
26.8158550905792	2713.0612
26.8334959933695	2711.7011
26.8511019778868	2710.3467
26.868731080838	2708.9919
26.8864416444962	2953.6046
26.904117197806	2952.1259
26.9218744572203	2950.64
26.9395966447167	2948.9863
26.9573421799794	3193.1316
26.9751697912905	3191.5206
26.9929622381519	3189.9163
27.0108370092033	3433.3554
27.0286765539309	3431.6267
27.0465396788005	3674.89
27.064485501948	3672.8111
27.0823960057834	3670.9573
27.1003894588227	3913.7008
27.1183475303715	3911.4907
27.1363888031758	4153.8464
27.1543946321894	4151.743
27.1724243719116	4393.4747
27.1905376928829	4391.2364
27.208615476436	4632.5661
27.2267770961325	4630.202
27.2449031158062	4871.4184
27.2630532860774	5112.0827
27.2812876767784	5109.4676
27.2994863733733	5349.729
27.3177695481773	5589.7002
27.3360169659667	5586.5143
27.3542887774618	5583.6596
27.3726454558097	5823.0877
27.3909662826041	5820.1072
27.4093722369585	5816.7664
27.4277422765469	6056.0247
27.4461977055864	6052.5432
27.4646171565262	6049.0747
27.483061347069	6287.8036
27.5015913219172	6284.1804
27.5200852234897	6280.945
27.5386651742487	6277.3201
27.5572089880948	6274.0829
27.5757777926035	6270.8448
27.5944330456688	6508.6519
27.6130520661912	6505.2872
27.6317578031861	6742.3146
27.6504272436984	6738.8233
27.6691219293411	6975.4609
27.6879037354108	6971.8268
27.7066491489143	7208.4899
27.7254819538415	7204.2973
27.7442783019607	7440.5688
27.7631623137461	7436.2344
27.7820098043609	7671.6546
27.8008829022328	7667.6554
27.819844074261	7663.1781
27.8387686284018	7898.5249
27.8577815320881	7893.9056
27.8767577532233	7889.7766
27.8957598445036	7885.1735
27.9148507005727	8119.8417
27.933904776923	8115.5839
27.9530478966459	8110.819
27.9721541716859	8106.5586
27.99128658337	8340.5989
28.0105084584959	8336.1912
28.0296933913217	8331.3008
28.0489680694167	8564.8006
28.0682057399481	8560.2831
28.0875334388881	8793.4025
28.1068240648814	8788.2277
28.1261412068383	9020.9733
28.1455488041547	9015.635
28.16491923028	9010.8595
28.184380398218	9243.0617
28.203804329284	9237.6007
28.2232550517351	9232.1385
28.2427969479558	9227.2099
28.2623015086143	9458.7694
28.2818975328606	9453.7113
28.3014561555667	9448.1036
28.3210418489072	9443.0649
28.3407194428763	9673.951
28.3603595361709	9668.7832
28.3800918233294	9663.5911
28.3997865435399	9658.4202
28.4195737522317	9888.6679
28.4393233275843	9883.3676
28.4591003711159	10113.256
28.4789703474205	10342.24
28.4988025906331	10336.682
28.5187280647283	10330.472
28.5386157390466	10559.567
28.5585311702549	10553.878
28.5785402819135	10547.522
28.5985114936034	10776.091
28.6185766873998	10770.245
28.6386039142505	10764.423
28.6587254262985	10991.786
28.6788089043076	10985.833
28.6989205502787	10979.879
28.7191269385411	11207.382
28.7392951919623	11200.616
28.7595584943907	11194.503
28.779783594595	11421.505
28.8000371613383	11414.594
28.8203862396601	11408.348
28.8406970145227	11402.127
28.861103611362	11395.183
28.8814718370712	11388.959
28.9018688321314	11382.733
28.9223621173035	11376.477
28.9428169296806	11602.291
28.9633683463085	11595.904
28.9838812221848	11588.836
29.0044910179641	11582.445
29.0250622049216	11576.08
29.0456625924659	11569.714
29.0663603759874	11332.053
29.0870194484257	11326.503
29.1077762363176	11320.23
29.1284942447733	11313.983
29.1492417671023	11539.209
29.1700874867382	11532.803
29.1908943242543	11526.422
29.2117996824395	11751.13
29.2326660898716	11744.618
29.253562328961	11968.26
29.2745575764444	11961.587
29.2955137700727	11954.941
29.3165692994049	12178.036
29.3375857059712	12171.258
29.3587017771485	12164.448
29.3797786565385	12387.053
29.4008858202373	12380.141
29.4220931446523	12373.957
29.4432611735989	12367.041
29.4645296962065	12360.091
29.4857588540503	12353.17
29.5070186251157	12574.879
29.5283793920488	12567.794
29.5497006901285	12561.514
29.5711233211233	12554.425
29.5925064136985	12547.365
29.6139204531885	12769.094
29.6354363340009	12761.869
29.6569125719001	12754.674
29.6784909923386	12748.233
29.7000297000297	12968.549
29.7216709331646	12961.185
29.7432723836115	13181.926
29.7649052563863	13174.462
29.7866411718641	13166.963
29.8083371996029	13159.494
29.8301366172144	13152.806
29.8518960768831	13145.332
29.8736873044057	13365.197
29.8955824455069	13357.556
29.9174375232222	13577.057
29.9393968660212	13569.282
29.961316074971	13561.538
29.9832674023851	13779.685
30.0053235251416	13772.63
30.0273394082193	13764.749
30.049460442551	13756.832
30.0715411664848	13975.206
30.093727399368	13967.154
30.1158732510328	13959.134
30.1380517207855	13951.982
30.1603362391034	13943.922
30.182580269842	13936.765
30.2049307113505	13929.569
30.2272405942091	13921.536
30.2495834583568	14138.793
30.2720332797063	14131.473
30.2944424356732	14123.303
30.3169589156308	14339.139
30.3394346588893	14331.731
30.3619437520507	14324.321
30.3845607225645	14316.871
30.4071368492811	14308.557
30.4298212248003	14524.553
30.4524646849643	14517.015
30.4752167672677	14508.526
30.4979278625626	14724.07
30.5206728331553	14716.408
30.5435269891472	14930.62
30.5663400505331	14921.897
30.5892626754257	14914.071
30.6121441338245	14905.341
30.6350598495423	14897.548
30.6580856992392	14888.774
30.6810702744966	14880.975
30.7041653666919	14873.134
30.7272191123303	14865.329
30.750307503075	14857.52
30.7735069885642	14848.732
30.7966650192107	15062.42
30.8199345324939	15054.447
30.843162518593	15046.51
30.8665023772185	15038.531
30.8898006362303	15030.588
30.9131340931981	15022.641
30.9365800109775	15015.605
30.9599842203951	15228.349
30.9835012855654	15220.237
31.0069765697282	15431.643
31.0304874539235	15423.447
31.0541117897937	15414.228
31.077694235589	15406.026
31.101390533138	15397.78
31.1250448677562	15169.725
31.1487352106308	15161.63
31.1725400089495	15153.493
31.1963027349597	15145.392
31.2201803217189	15138.215
31.2440157631099	15130.108
31.2679664726708	15122.924
31.2918749637241	15114.811
31.3158200451554	15107.66
31.3398810095486	15099.501
31.3638996456385	15092.344
31.3880345774639	15085.145
31.4121271076524	15296.499
31.4362566516837	15506.648
31.4605031143361	15717.525
31.4847070652698	15709.032
31.5090283530434	15918.552
31.5333070555775	15909.934
31.557623201979	15902.336
31.5820573163402	15893.67
31.6064487351048	16103.677
31.6309585455881	16312.379
31.6554255867742	16303.507
31.6800114456816	16294.59
31.7045544615212	16503.914
31.7291355345848	16494.914
31.7538360682605	16485.866
31.7784936481454	16477.924
31.8032711203215	16469.935
31.8280055647674	16460.921
31.8527785127321	16669.449
31.8776720044629	16661.344
31.9025223574935	16869.551
31.9274936917452	16860.24
31.9524218131969	17068.11
31.9773888914677	17274.645
32.0024776111699	17265.083
32.0275230068678	17256.686
32.0526904873301	17248.239
32.0778145695364	17238.712
32.1030611822211	17445.63
32.1282643223398	17652.38
32.1535070659925	17642.603
32.1788730128248	17632.775
32.2041953755814	17624.141
32.2296413932562	17615.456
32.2550437524061	17606.815
32.2804861857742	17598.17
32.3060529558736	17589.474
32.331575955737	17580.821
32.3572237502022	17572.117
32.382827699853	17564.61
32.4084722018943	17771.203
32.4342421896252	17976.38
32.459968220644	18182.585
32.4858202014645	18387.343
32.5116281508749	18378.241
32.537562516728	18582.672
32.5634527764283	18786.937
32.5893842708914	18990.986
32.6154428861511	19194.765
32.6414572831252	19398.38
32.6675992739363	19601.725
32.6936969716145	19803.596
32.719836400818	19793.718
32.7461041378928	19782.471
32.7723274695535	19985.184
32.7986795886411	19976.456
32.8249872273739	20178.855
32.8513371024061	20381.036
32.8778164887553	20582.943
32.9042512823371	20572.608
32.9308160734251	20772.802
32.9573361967234	20762.351
32.9839868064053	20750.456
33.0105926732457	20739.995
33.0372414969068	20941.046
33.0640215449431	20930.411
33.0907567375716	20919.83
33.1176236502565	20909.186
33.1444456324174	20898.594
33.1713110960711	20887.999
33.198309028066	20667.851
33.2252619168833	20658.738
33.2523477766515	20649.563
33.2793885180742	20640.442
33.3064732742412	20629.93
33.3336917601265	20831.15
33.3608650149451	20821.922
33.3881725091481	20812.633
33.4154346970783	20803.398
33.4428316369187	20795.503
33.4701831952688	20996.213
33.4975795297372	21196.732
33.5251113898862	21396.999
33.5525977557642	21597.135
33.5802201670887	21797.017
33.6077970089061	21995.277
33.6354191814115	21985.447
33.6631781840887	22183.325
33.6908915044613	22173.392
33.7187421821465	22163.393
33.7465471022874	22360.913
33.7743979168823	22350.873
33.8023868846739	22340.764
33.83032998213	22332.238
33.8584117674364	22322.122
33.8864476071796	22312.064
33.9146226724723	22303.464
33.9427517169832	22293.397
33.9709274611115	22493.112
33.9992432426504	22484.421
34.0275128906647	22683.888
34.0559231215	22883.127
34.0842871436268	23082.267
34.1126984519988	23281.244
34.1412511667222	23687.764
34.1697575600589	23884.685
34.1984059130147	24288.926
34.2270078694516	24485.363
34.255657708628	24679.899
34.2844503428445	24668.576
34.3131964679545	24657.318
34.3420859493787	24440.583
34.3709288466336	24431.106
34.3999156647229	24423.251
34.4288558236132	24622.362
34.4578447173901	24821.34
34.4869783844519	25225.116
34.5160652799002	25628.637
34.5452975213749	26031.756
34.5744829163019	26228.118
34.6037176671513	26628.875
34.6330986289203	26822.854
34.662432631885	27018.607
34.6919134268896	27006.07
34.7213471882709	27201.557
34.7508309372075	27396.878
34.7804623557593	27591.953
34.8100466286189	27786.941
34.8397791607547	27981.682
34.869464472515	27970.69
34.8992986366758	28167.168
34.929085505838	28361.587
34.9589232651634	28557.861
34.9889107726342	28957.23
35.0188508733532	29153.151
35.0489413241151	29551.969
35.0789842936677	29745.423
35.1090788113878	30143.747
35.1393245881756	30336.696
35.169522772266	30529.567
35.1998728262659	30926.971
35.2301752132988	31117.203
35.2605298178964	31104.86
35.291037214968	31296.952
35.3214968338836	31286.76
35.3521098652343	31480.871
35.382675044371	31470.61
35.413394259603	31664.516
35.4440655486541	31858.38
35.4747900121301	32052.108
35.5056694536708	32247.932
35.5365008583211	32645.412
35.5674878740681	32838.586
35.5984267792036	33237.998
35.6294195565287	33430.948
35.6605689011081	33827.411
35.6916700247539	34223.704
35.7229283582434	34416.008
35.7541383973496	34608.279
35.7854030186719	34800.415
35.8168258204653	34994.864
35.8482002179802	35189.317
35.8797334483028	35586.882
35.9112182011955	35986.985
35.9428624431871	36587.394
35.9744581347244	36981.707
36.006109423728	37578.84
36.0379211932039	37972.428
36.069684302997	38368.687
36.1016085595749	38558.86
36.1334840837831	38954.726
36.1654159460319	39553.181
36.1975099616131	39945.5
36.2295551361238	40340.661
36.2617631405026	40732.466
36.2939222314908	40924.63
36.3261384143055	41319.193
36.358518449016	41716.536
36.3908494622078	42110.721
36.4233450142609	42706.922
36.4557914728728	43103.872
36.4884031615436	43699.548
36.5209656850185	44295.044
36.5535863784829	44688.077
36.5863733462369	45286.276
36.6191110415479	45880.939
36.6520157130738	46475.148
36.6848710408445	47271.138
36.7177853253226	47864.813
36.7508676464922	48252.525
36.7839005173478	48841.871
36.8171021377672	49232.709
36.8502542370363	49425.605
36.8835758031845	49816.121
36.9168477775462	50415.845
36.9501798341414	51015.464
36.9836824414003	51610.864
37.0171353513643	52407.704
37.0507595405706	53204.093
37.0843339623714	53996.206
37.1179692878738	54787.9
37.1517769934625	55377.72
37.1855348269523	55967.403
37.2194657806033	56560.976
37.253346792607	57154.52
37.2872895448244	57948.972
37.3214065354599	58541.887
37.3554734806264	59335.814
37.3897154160209	60133.96
37.423907236999	61128.36
37.458274804779	61916.435
37.4925921894464	62709.198
37.5269725114926	63501.683
37.5615297235896	64499.545
37.5960366500719	65492.266
37.6307212352588	66685.142
37.6653554667922	67867.068
37.7000535097534	68847.576
37.7349303729672	69626.661
37.769756781042	70405.411
37.8047627903574	70988.651
37.8397182771943	71577.496
37.8747384657677	72366.441
37.9099394358145	73355.132
37.9450897829786	74337.765
37.9804217051984	75319.627
38.0157029379394	76095.027
38.0511665444324	76869.623
38.0865793951606	77450.198
38.1220582222209	78030.469
38.1577206300948	78416.665
38.1933321834266	78809.349
38.2291281292391	79601.344
38.2648731550314	80399.976
38.3006850880607	81405.017
38.3366826402844	82796.144
38.3726291749575	84187.255
38.4087621537404	85563.868
38.4448440503504	86740.37
38.480993802698	87909.043
38.5173312459425	89076.565
38.5536175108044	90044.13
38.5900923050111	90811.381
38.6265158571193	91570.847
38.6631287825168	91938.605
38.6996904024768	92313.983
38.7363212365633	92689.169
38.7731427195607	92880.208
38.8099128028895	93270.572
38.8468743930176	93477.132
38.883784521118	93890.973
38.9207648558048	94711.115
38.9579379940432	95738.623
38.9950595775326	97157.555
39.0323748367093	98967.079
39.069638479813	100769.06
39.1069733410286	102562.69
39.144503196275	104338.3
39.1819813443211	105923.42
39.2196553730928	107498.77
39.2572776344324	109064.6
39.2950966691068	110638.54
39.3328638765709	112003.84
39.3707037513296	113169.59
39.4087417487947	114542.77
39.4467278303027	115717.12
39.4849129421355	116890.66
39.5230460794095	118262.74
39.5612529431658	119446.01
39.5996602093672	120816.81
39.6380154140734	122187.49
39.676571944184	123369.47
39.7150763554371	124750.05
39.7536555730457	126130.37
39.7924375114323	127510.02
39.8311672459318	129088.1
39.8701006398508	130654.06
39.9089817738255	132021.64
39.9480675122341	133399.89
39.9871009351822	134778.34
40.026210712176	136564.58
40.0655265224092	138338.16
40.1047899349914	140099.48
40.1442603420032	141847.07
40.183678297249	143198.41
40.2231737381601	144561.69
40.2628776268281	145923.94
40.3025289836937	147509.91
40.3423897660467	149266.5
40.3821979639556	150838.68
40.4220848016221	152396.96
40.4621825431787	153967.77
40.5022276225192	155552.66
40.542484600395	157348.49
40.5826888649611	159525.65
40.6231060295828	161899.39
40.6634704304425	164426.28
40.7039151257718	166754.13
40.7445742356285	168867.4
40.785180507315	170797.8
40.8260022125059	172907.45
40.8667710307325	175228.27
40.9076213537784	177318.57
40.9486886512691	179405.84
40.9897029899344	181294.98
41.0309353398784	183197.97
41.0721146839435	185295.88
41.1133767676265	187374.7
41.1548584306059	189450.39
41.1962870185184	191719.95
41.2379362408296	193950.66
41.2795323428465	195965.18
41.3213501417922	197975.32
41.363114775972	199787.51
41.4049639209165	201559.53
41.4470363697744	202956.4
41.4890555886427	204332.42
41.5312991928191	205353.94
41.5734895244865	206374.24
41.615765662966	207567.42
41.6582678223477	208582.87
41.7007166469933	209558.74
41.7433925932409	209990.4
41.7860151642797	210441.14
41.8287248648156	210717.39
41.8716633518267	211243.49
41.914548404543	212329.01
41.9576633641925	213412.72
42.0007248512192	214861.54
42.044017373673	216055.49
42.0872563860623	216843.43
42.1305844259538	217265.57
42.1741452083029	217302.13
42.2176524261532	217187.5
42.2613935353701	216900.43
42.3050810449355	216674.58
42.3488589714692	216680.88
42.3928725273673	217110.52
42.4368324326914	217924.97
42.4810291371898	219102.18
42.5251721583583	220451.49
42.5694070150263	221588.31
42.6138804405725	222724.07
42.6583001355433	223668.88
42.7029595906026	225016.88
42.7475652848401	226365.65
42.7924119390829	228052.97
42.8372048032943	229527.04
42.8820915394325	230764.89
42.9272210509553	231640.46
42.9722967306399	232156.38
43.0176164077515	232715.59
43.0628822264899	233320.35
43.1082434086105	234543.09
43.1538504371067	236125.01
43.1994035695249	237876.3
43.2452037930229	239580.59
43.2909500967064	241261.73
43.3367932869909	242560.73
43.3828854516893	244072.24
43.4289236631597	245607.97
43.4752121169624	247118.57
43.5214465967282	248819.76
43.567932596192	250684.98
43.6143646020189	252335.09
43.6608956821487	253818.63
43.7076802148726	255465.05
43.7544107268878	256921.21
43.8013959928787	258375.1
43.8483272216781	259803.05
43.8953591277567	261229.35
43.9426477571531	262085.5
43.9898823270648	263156.76
44.0373749462851	264089.42
44.0848134927971	265400.79
44.132354354333	267089.42
44.1801552718683	268911.51
44.2279020993986	270301.76
44.2759103341403	271446.49
44.3238644690609	271891.34
44.3720813726718	272012.52
44.4202441680518	272592.68
44.4685116317434	273388.64
44.51704392468	274587.85
44.5655220994674	275733.26
44.6142664910879	277093.6
44.6629567597745	278615.03
44.7117534218915	279920
44.7608184010281	281439.75
44.8098292528684	282902.79
44.8591098360834	284363.69
44.908336291006	285608.08
44.9576709025978	286663.98
45.0072773863838	287343.42
45.0568297433214	288052.91
45.1066554142537	288820.23
45.1564269613002	289588.89
45.2064732753184	290356.66
45.2564654700468	291125.78
45.306568356285	291955.54
45.3569482089492	292785.02
45.407273952337	293803.39
45.4578781435589	295008.33
45.5084282343097	296184.23
45.5590908756898	296986.95
45.6100342075257	297820.32
45.6609234553536	298500.38
45.7120949042074	299212.07
45.7632122822557	300363.79
45.8144441119203	301331.1
45.8659604295125	302705.9
45.9174226995001	304085.03
45.9691709979017	305873.14
46.0208652664942	307853.54
46.0728471161742	310211.14
46.1247749557351	312540.27
46.1768199811569	315212.91
46.229154938504	317852.34
46.2814359188731	320646.88
46.3340084148538	323334.97
46.386526958428	325836.44
46.4391646942505	327927.87
46.4920963436216	330016.94
46.544974081206	331733.7
46.5981473478514	333634.7
46.6512667323797	335127.12
46.7045073616097	336470.03
46.7580459661758	337625.59
46.8115307370551	338486.18
46.8653151314497	339607.89
46.9190457271506	340956.67
46.9730776078582	342306.43
47.027055727061	343435.49
47.0811580446132	344497.2
47.1355641632867	345414.07
47.1899165804055	346826.37
47.2445744940259	348548.84
47.2991787489367	351253.07
47.3539093707276	354486.26
47.4089480566155	358018.04
47.463933152409	361433.38
47.5192280424761	364767.15
47.5744693912003	367547.04
47.6298393261146	370373.54
47.6855216757615	373060.54
47.7411505617285	376258.85
47.7970936283391	380066.18
47.8529832861879	384350.25
47.9091889051591	388917.35
47.96534117283	393348.15
48.0216252221968	397682.91
48.0782279295732	401684.08
48.1347773766546	405263.59
48.1916472993246	408050.72
48.2484640257118	410614.37
48.3054148811843	413324.74
48.3626889655065	416634.53
48.4199099545868	420313.14
48.4774560282108	424019.94
48.5349490774446	427205.46
48.5925786592367	429656.49
48.6505361367551	431660.25
48.7084407014016	433926.78
48.7666750566323	436352.96
48.8248565769838	439438.91
48.8833697987503	443183.39
48.9418302665751	447774.27
49.0004307295927	453171.25
49.0593657890052	459238.48
49.1182482214441	465383.24
49.1774672018021	471407.39
49.2366336437094	477003
49.2959426258836	482102.11
49.3555911128094	486703.52
49.4151871998725	490931.49
49.4751247850426	495078.84
49.5350100667924	499264.43
49.5950404959504	502835.75
49.6554154436351	505563.91
49.7157382386195	507346.41
49.7764075884936	508542.16
49.8370248903787	509334.25
49.897990801064	509834.18
49.9589047718812	510230.26
50.0199676483758	510401.01
50.08138224615	510406.71
50.1427450726666	510720.56
50.2044617190979	511624.9
50.2661267111765	513362
50.3279433729463	516030.88
50.3901170351105	519205.02
50.4522392249885	522429.68
50.5147205598987	525353.64
50.5771505485989	527937
50.6399418457442	530477.03
50.7026819265384	533217.58
50.7655776631458	536370.36
50.828837987178	540103.46
50.8920472967704	544116.73
50.9556234050685	547892.83
51.0191486385293	551741.07
51.0828324606683	555660.65
51.1468864332884	560225.64
51.2108897479103	565132.9
51.2752654735519	570136.22
51.3395906909729	574927.05
51.4040775040833	579285.04
51.4689401549049	583669.56
51.5337525299332	589074.01
51.5989430539084	596184.72
51.6640834624936	604883.5
51.7296043519616	614503.53
51.7950752908252	624043.76
51.8607121646829	632990.01
51.9267330547157	641479.2
51.992704249565	649831.92
52.0590618453258	658277.63
52.1253699219801	667367.15
52.1918471283962	677382.19
52.2587143513387	687952.18
52.3255323278954	697643.9
52.3927427600835	705234.58
52.4599041337558	710211.32
52.5272379144992	712502.43
52.5949678492052	712196.83
52.6626490161853	710030.33
52.730728832227	706826.92
52.798760080731	703824.53
52.8671924962695	701218.87
52.9355765495396	699218.07
53.0041377423657	697883.7
53.0731039205616	697134.1
53.1420220539392	697042.84
53.2113477490313	697665.64
53.2806256176686	698567.94
53.350084112431	698874.74
53.4199540760718	698311.33
53.4897765507722	696826.04
53.5600131308419	695357.53
53.6302024540143	694834.27
53.7005759819843	695168.22
53.7713676140257	695769.4
53.8421123476464	695582.73
53.9132778838169	694972.7
53.9843967679019	694524.41
54.0559391783497	694797.62
54.127435188944	696067.81
54.1991205755597	697824.95
54.2712336201539	699641.11
54.3433006543109	701456.08
54.4157981349424	703681.11
54.4882498725678	706105.21
54.5608947986747	708369.98
54.6339744013394	711035.41
54.707008673708	713527.26
54.7804804778272	715487.26
54.853907234965	716528.76
54.92753109607	716684.08
55.0015968205529	716740.21
55.0756179351085	717325.72
55.1500838370226	718886.87
55.2245054289252	721411.43
55.2993747602951	724389.09
55.3742000884201	727609.85
55.4492281825174	731120.97
55.5247084952804	734435.64
55.600145277799	737425.93
55.676037302945	740161.28
55.7518861222765	742572.66
55.8279418849134	744397.17
55.9044574787991	745690.39
55.980930366946	745742.38
56.0578661844485	744323.53
56.1347596391078	741646.02
56.2118643299455	738361.08
56.2894366516864	735640.89
56.3669671389673	734339.63
56.4449684317858	734883.77
56.5229282523475	736212.58
56.6013620843908	737292.02
56.679754814351	736902.3
56.7583649929052	734734.52
56.8374540487519	731315.2
56.9165025727177	727404.17
56.9960332599433	723371.97
57.0755238060169	719808.73
57.1552363876047	716691.53
57.235436120176	714202.28
57.315596313313	711945.6
57.3962470260413	710068.42
57.4768586115631	708712.98
57.5576969494421	708348.03
57.6390309205511	708750.51
57.7203263991361	709700.35
57.8021209649225	710674.15
57.883877472902	712383.53
57.9661365569985	714460.48
58.0483580272921	716833
58.1308130813081	719368.19
58.2137760084129	721924.45
58.2967020051245	724940.44
58.3801394532041	728805.81
58.4635404388537	733921.45
58.5471800561864	739858.68
58.6313365580569	746350.3
58.7154573176506	753357.43
58.8000986324235	760956.06
58.8847046979547	769363.39
58.9695545896385	778722.56
59.0549306104566	789039.81
59.1402721406394	800678.4
59.2261435660825	813201.52
59.3119810201661	825965.95
59.3983521747461	837953.93
59.4846898880824	848283.87
59.5712789569261	856672.26
59.6584075054126	863475.25
59.7455034281392	869220.69
59.8331427358222	874731.61
59.9207499758384	880630.62
60.0086141397717	887357.48
60.0970276204	895357.02
60.1854098917633	904059.07
60.2743454886597	912463.19
60.3632504636774	919405.27
60.4524180967239	923999.37
60.5421451449106	925642.64
60.6318424745615	925183.64
60.7221033353084	923813.92
60.8123350955833	922977.17
60.9031345468119	923759.29
60.9939055283105	926129.03
61.08494748665	929733.87
61.1765634558838	933918.39
61.2681519252529	937923.51
61.3603186777841	941535
61.4524585939281	944464.32
61.5448756446081	947440.21
61.6378774698646	950934.54
61.7308534788323	955051.84
61.8244186510311	959519.43
61.9179587047163	963698.7
62.0117822386254	967042.31
62.1062016047441	968822.95
62.2005969250834	969232.92
62.2955925868245	968616.88
62.3905649365025	968239.71
62.4861421862087	968907.63
62.5816968724292	971090.2
62.677544253379	974881.6
62.774003462695	980442.23
62.8704412592341	986955.87
62.9674955694242	993761.6
63.0645292538042	1000055.4
63.1618624599508	1005054.3
63.2598193013871	1008524.9
63.3577567266522	1010515.3
63.4563226037562	1011309
63.5548698919055	1011623.6
63.653723742839	1012239.2
63.7532133676093	1014175.3
63.852685674856	1017505.5
63.9527987085661	1022350
64.0528952941784	1027839.1
64.1536376147264	1033367.4
64.2543643740641	1038702
64.3554079302471	1044201.8
64.4571048363621	1050283.8
64.5587875443191	1057401.9
64.6611287538653	1064811.1
64.7634566972726	1071774.9
64.8661090273746	1077767.5
64.9694276926946	1083049.7
65.0727345242344	1088255.7
65.1767129911906	1094366
65.280680603741	1101665
65.3849804372357	1110538.2
65.4899599666213	1120466.2
65.5949301466893	1131132.8
65.7005854769916	1142363.4
65.806232487051	1154475.2
65.9125701649941	1167955.4
66.0189005723413	1182606.9
66.125574599247	1197693.2
66.2329476866541	1211853.2
66.3403151164968	1224180.8
66.4483872869231	1234411.5
66.5564549026344	1242611.9
66.6648746001452	1249703.1
66.7740076790109	1256396
66.8831378979277	1263156.2
66.9929873469697	1270435.9
67.1028350947828	1277711.9
67.2130436667968	1284951.2
67.3239803674586	1291470.8
67.434917147503	1296777.2
67.5465880802061	1300339.5
67.6582603097002	1302113.8
67.7706727878887	1302759.6
67.8830878045843	1302908.7
67.9958763791099	1303009.1
68.1094144787433	1303312.6
68.2229570250389	1303914.3
68.3372553774256	1304596.4
68.451559481093	1305623.8
68.5662466062473	1306788.8
68.6816990966141	1308104.8
68.7971593430981	1309631.8
68.9133914280633	1311820.5
69.0296326398824	1315178.6
69.1462666592316	1320042.9
69.2636823701585	1326422.5
69.3811093144139	1333751.1
69.4993246234986	1341507.2
69.6175526061668	1349283.9
69.736575709176	1356964.7
69.8556129548361	1364799.8
69.9750572779703	1372826
70.095307006139	1381236
70.2155731346157	1389992.7
70.3366516350436	1399227.5
70.4577480794582	1409056.3
70.5792622190348	1419533
70.701599338598	1431182.8
70.82395677454	1444820.2
70.9471443774388	1460488.9
71.0703539188996	1477069.4
71.1939921456951	1492670
71.3184714841144	1505612.9
71.4429752542275	1515554.9
71.5683275520746	1523463.4
71.6937059864245	1530560.5
71.8199404589526	1537622.9
71.9462028070623	1545133.5
72.0729098856133	1552560.6
72.2004844419601	1559055.3
72.3280895468412	1563623.4
72.4565698826087	1566030.6
72.5850825947996	1567104.6
72.7140519905472	1569060.7
72.8439084281577	1573994.8
72.9738000517879	1583244.1
73.1045867232638	1596599.4
73.2354105021941	1613379.5
73.3667033500184	1632206.2
73.4989034437793	1651588.2
73.631143598544	1670378.8
73.7642992689006	1688163.6
73.8974970202622	1705216.7
74.0316186655204	1722003.6
74.1657844526984	1738472.2
74.3004374138654	1753956.3
74.436027037086	1767107.1
74.57166397046	1776439.3
74.7082462239199	1780800
74.8448779545619	1780221.8
74.9820103644489	1776095.5
75.1201012909753	1770901.3
75.2582450262797	1766710.6
75.3973562281865	1764403
75.5365225178029	1763418.9
75.6762034957524	1762636.5
75.8168655840344	1761399.3
75.9575862639281	1759782.7
76.0992973089079	1758419.8
76.2410693424823	1757607.4
76.3838411216105	1757370.1
76.5266763353597	1757416.7
76.6700467439963	1757261.8
76.8144312015264	1756925.2
76.9588828549263	1756748.2
77.1043582616698	1756806
77.2499034376207	1756704.3
77.3959991261742	1755677.2
77.5431333679359	1753735.3
77.6903413362739	1751634.9
77.8385979008688	1750555.1
77.9869308998057	1751022.5
78.1358303192227	1752770.5
78.2857936538	1755141.7
78.4358375872124	1757786
78.5869558328633	1760119.3
78.7381575271139	1761220.6
78.8904440768546	1759835.9
79.0428169840066	1754771.1
79.1957796313564	1744882.6
79.3498432200678	1728825.6
79.5039976405265	1705813.4
79.6592639227048	1676334.3
79.8146240988672	1642522
79.9705914599148	1606580.2
80.1276873469335	1570352.2
80.2848818387828	1534852.2
80.4432161716814	1500822.1
80.6016523338729	1469853.9
80.7612398152912	1444910.7
80.9209324179697	1430243.5
81.0812578057058	1429307.4
81.2427520327068	1442718.8
81.4043564460434	1467793.6
81.5671415979266	1500012.4
81.730040403641	1535070.3
81.8935911660591	1569205.5
82.0583408332892	1599480.3
82.2232094901498	1623880.1
82.389289392379	1641155.2
82.5554919375241	1650601.5
82.7223663933715	1652020.5
82.8904709381998	1646067.1
83.0587037483589	1633791.9
83.228179450694	1616451.5
83.3977872683862	1595185.3
83.5686509728335	1571218.1
83.7396507246181	1546110
83.9113517171375	1521639.2
84.0843284442365	1499025.3
84.2574472711459	1478460
84.4318553219305	1458822.9
84.6064096178383	1438718.9
84.7816871555744	1417657
84.9582745248503	1395826.3
85.1350145210126	1373417.1
85.3130783573104	1350372.2
85.4912991919693	1327142.8
85.6702661996256	1304051.4
85.8505784528895	1280416.1
86.0310544354559	1254714.8
86.212890217618	1226173.9
86.3948943404377	1196541
86.5782730427376	1169009.4
86.7618247970893	1146295.5
86.9461564890581	1128740.4
87.1318853513031	1114597.5
87.3177945215126	1101943.1
87.5051162265536	1089980.5
87.6926232116716	1078799.8
87.8809355067328	1068698.3
88.0706838262451	1059845.2
88.2606250845238	1052202.2
88.4520183466606	1045245.5
88.6436097965486	1038140
88.836033041273	1030286.9
89.0299327249622	1021331.4
89.2240386829381	1011331.6
89.4196377062421	1000536.4
89.6154485470012	989731.8
89.812769347771	980141.29
90.010307632003	972890.07
90.2087167810038	968299.37
90.4086617330757	965535.08
90.608832899775	963012.19
90.8105574596479	959021.49
91.0125142207054	952783.16
91.2153712612732	944835.63
91.4198086082071	936922.6
91.6244873831603	930788.39
91.8307647873451	927453.13
92.0372899471528	926870.41
92.2447461409708	928508.9
92.4538290051521	932324.55
92.6631693793062	938396.29
92.8741555192714	946844.84
93.0854058598765	957305.22
93.298321382621	969023.66
93.5115079484782	980943.27
93.7256710077777	992146.5
93.9415289741434	1002524
94.1576685346333	1012687.9
94.375523251389	1023674.3
94.5936668014372	1036225
94.8128211402007	1050342.9
95.0337216431637	1064975.8
95.2549221444649	1078960.6
95.4778899386324	1092337.9
95.7011653932237	1105828
95.9254875567624	1119986.5
96.1516093763328	1134449.9
96.3780506762009	1148916.9
96.6063136900496	1163338.8
96.8349042974394	1177778.9
97.0653390633195	1192047.3
97.2961097249031	1205683
97.5279803056401	1218116.3
97.7617294365298	1228813.9
97.9958272744516	1237364.3
98.2318271119843	1243115.8
98.4681844531443	1245775.3
98.7056819448204	1245103.4
98.9451173776352	1241382.3
99.1849238915685	1235429.6
99.4266928597202	1228490.2
99.6688422338681	1221875.1
99.9121739761017	1215955.7
100.157505755018	1210255.4
100.403232336318	1203875.6
100.650984593906	1196199.2
100.899141543594	1186978.7
101.149350278569	1176396.4
101.399973832265	1165172.8
101.651842439644	1154293.9
101.905802878017	1143991.4
102.160193774819	1133894
102.416703834019	1123318
102.67365509932	1112254.1
102.931898927516	1100913.9
103.192303851403	1089080
103.453166584627	1076206.8
103.716219041963	1061967.3
103.979740721485	1046569.7
104.244604921354	1030476.9
104.511702782203	1014316.9
104.779287500845	998721.03
105.04913588614	984157.25
105.319483255052	971181.65
105.592124871203	960522.81
105.865277896355	953055.28
106.139847809154	949311.23
106.416758923131	948798.1
106.694200653932	950238.78
106.974015666517	952018.68
107.254374508057	953006.89
107.53620674703	952672.48
107.820461541137	951053.82
108.10528059423	948480.7
108.392555878985	945432.97
108.680409479736	942538.42
108.969796033148	940264.58
109.261690560319	938974.16
109.554185146573	938769.39
109.849223082511	939694.17
110.144876042601	941840.62
110.4431084391	945254.5
110.741971207088	949865.57
111.042455829281	955264.51
111.345575360302	960618.88
111.649349012263	964697.14
111.955795518157	965939.92
112.262912498302	963274.79
112.571719079091	956254.37
112.88325686403	945357.82
113.19549043772	931552.57
113.510495143765	915664.68
113.826213075327	898227.68
114.143692180237	879628.06
114.464003840083	860871.74
114.785055726293	843417.6
115.108982213806	828786.98
115.433667532419	818006.82
115.761270386587	811496.42
116.089651169322	808804.25
116.419900291989	808684.71
116.753133032663	809651.14
117.087173289016	810649.78
117.424242424242	811438.11
117.76213947216	812446.96
118.101986780197	814190.61
118.444932658325	816907.15
118.788738061253	820479.89
119.135689786036	824523.2
119.48352283677	829220.03
119.833392927897	835444.28
120.186482897657	843927.51
120.540487994556	854928.08
120.897763391377	867980.67
121.255977235168	882377.6
121.617512921861	897309.15
121.980011017549	912045.27
122.344676526595	925804.06
122.712743322547	938116.1
123.081809699641	948812.32
123.454331853209	957860.44
123.827879247846	965184.54
124.203694058256	970794.75
124.583048667765	974864.47
124.963468340908	977648.89
125.34748546879	979109.78
125.732595161323	979565.48
126.12007851992	979581.13
126.511248278325	980081.27
126.903553299492	981804.82
127.299605781866	985044.55
127.696823026621	989533.33
128.09785022882	993997.78
128.500072540364	996734.2
128.904828733302	996463.84
129.313491359982	992868.7
129.723396242206	986868
130.137273834012	979840.37
130.552426274729	972910.65
130.970235957667	966312.13
131.392120711213	959736.91
131.815330973414	952610.79
132.242686659486	944307.66
132.671402893093	934447.24
133.102907869173	922744.51
133.538666982565	908736.62
133.975841130583	892003.05
134.417344173442	872963.87
134.860299955409	853126.59
135.307661250723	834478.38
135.756514123057	818336.12
136.208354844733	805141.71
136.664719561791	794417.52
137.122636293266	785477.85
137.5851585558	777709.57
138.049274684658	770911.26
138.516532618409	765194.25
138.988522238164	760767.08
139.462170886147	757465.5
139.940638084168	754416.87
140.420809458021	750685.54
140.90428735384	746097.1
141.392718275009	741455.94
141.882923703602	737813.09
142.378174803656	735803.07
142.875249167521	735366.67
143.377464300168	735678.75
143.881552992504	735623.94
144.38919875639	734315.03
144.902132632194	731417.17
145.417018482034	726665.38
145.937294040109	719336.5
146.459575975905	708865.76
146.98560963467	695622.37
147.517190511314	681055.31
148.050862635067	666936.25
148.590190650801	654383.87
149.131668831481	643561.96
149.677107852013	633652.76
150.228371354842	623517.35
150.781876991172	612308.24
151.341323504284	599895.89
151.90307603729	586918.82
152.470889126612	574339.11
153.041074249605	562865.82
153.615539946235	552299.14
154.196252036261	541689.94
154.779439298999	529960.36
155.369001378273	517053.94
155.961110342486	504013.07
156.557749608606	492387.52
157.160963244613	483107.17
157.766835884321	475890.34
158.379420893311	469368.2
158.994742915758	462208.1
159.614864777891	454315.7
160.241913598594	447009.03
160.871821484172	441871.75
161.508804834844	439529.39
162.148732232291	439295.86
162.795888090956	440098.83
163.446075976063	441365.19
164.101478236703	443049.95
164.764347121275	445341.22
165.430385826352	448180.03
166.104056153887	451072.07
166.780992346904	453250.23
167.46346865462	454263.29
168.153833636191	454493.39
168.847615027438	455052.13
169.549463321255	457136.93
170.254833040422	461119.28
170.966096320093	465768.29
171.685704395985	469060.86
172.408998637413	469833.52
173.140830517468	468497.01
173.876463577088	466213.75
174.62083339201	463637.06
175.369123720088	460650.45
176.123854839855	456600.33
176.887633557296	450787.36
177.655520215479	443112.5
178.43267044637	434063.21
179.214059632033	424305.91
180.002322610614	414046.17
180.800186632451	403274.67
181.602495569778	392462.07
182.414640245966	382493.36
183.23137393977	374105.36
184.055454127147	367230.98
184.889737128543	361201.16
185.728835899587	355426.63
186.578393018357	349789.99
187.432924709403	344339.51
188.298179278089	338800.07
189.168573607933	332665.78
190.047051971738	325913.33
190.936667539227	319185.36
191.831683168317	313147.42
192.738124844566	307930.79
193.650149141849	303390.27
194.570845755531	299697.12
195.503421309873	297240.5
196.441867465108	296475.12
197.392508635922	297448.97
198.349222599015	299684.4
199.315255653963	302352.39
200.293979873686	305012.28
201.279096191929	308013.34
202.27725033441	311899.65
203.282021016738	316565.8
204.30018947195	320854.26
205.325208636906	323487.77
206.360565161677	324306.58
207.409885422765	324303.83
208.466426818197	324482.51
209.537328061104	324807.87
210.615711252654	324231.99
211.705251656081	321668.49
212.809775520011	316959.44
213.922194427672	311084.36
215.050033818352	305402.52
216.186059486035	300608.19
217.337960528622	296144.1
218.498352451939	290798.56
219.671201814059	283608.44
220.860644058136	274647.93
222.05906054691	264923.61
223.274573707618	255698.03
224.499402541913	247749.1
225.737743714842	241130.79
226.993977337214	235454.29
228.260069214344	230350.07
229.544613106257	225561.67
230.839399072919	221168.89
232.148874826824	217442.78
233.477687817737	214621.85
234.817353759918	212607.75
236.176980363027	210758.92
237.547892720307	208409.59
238.939417296131	205425.48
240.342682146803	202223.05
241.762526808345	199282.95
243.204016788923	196753.1
244.657972101099	194414.47
246.134301990909	191855.76
247.623612109593	188772.98
249.131054989653	185049.33
250.662030766743	180709.5
252.206809583859	175852.51
253.775940403586	170587.25
255.359459626434	164986.53
256.962864721485	158997.7
258.591925258592	152439.44
260.236311360155	145043.77
261.907276375541	136781.32
263.594234938991	128095.17
265.308742350978	119669.15
267.039948314849	112011.55
268.793895777335	105257.66
270.576939862093	99331.796
272.377814387699	94191.973
274.208885252427	89889.953
276.058595663209	86623.309
277.933430460607	84586.458
279.840220261335	83832.893
281.76695146337	84222.738
283.726889987187	85583.574
285.707702587498	87799.929
287.716367348833	90843.157
289.760246763565	94741.024
291.826504436234	99514.2790000001
293.929409533743	104885.41
296.055773087575	110253.3
298.220298220298	114995.8
300.409428979819	118929.5
302.630936691561	122169.44
304.893041553971	124777.37
307.181608739812	126720.92
309.512517784489	128156.28
311.871227364185	129376.16
314.266163164964	130492.59
316.706254948535	131427.87
319.176319176319	132196.39
321.693560940175	132868.18
324.242345004315	133296.62
326.831839746969	133065.59
329.471782336061	132012.08
332.14582273056	130622.62
334.872667368819	129693.07
337.635462615041	129588.11
340.453572016913	129777.21
343.309615437858	129114.59
346.213982577619	126454.21
349.17774273485	121359.26
352.182680564628	114610.3
355.249964188512	107815.46
358.360788393735	102338.16
361.526575118808	98416.307
364.759523459332	95410.844
368.039890775258	92637.042
371.390918893016	89701.264
374.792201904186	86490.329
378.256360197669	82976.856
381.796908676643	79317.077
385.392385392386	75909.376
389.068432116972	73087.323
392.802838317283	70854.553
396.622313203685	68873.615
400.503859694454	66846.37
404.462130602127	64796.24
408.512881333597	63011.317
412.63185917274	61709.7
416.848757857935	60688.012
421.138432278223	59487.221
425.51731237775	57797.852
430.003120990394	55673.626
434.569285764351	53366.386
439.249025859015	51085.811
444.014752748237	49021.215
448.885027512308	47348.117
453.879941434846	46155.352
458.970277973128	45419.26
464.193463856549	44949.064
469.51912154487	44439.031
474.986593120356	43537.594
480.564275471844	42069.43
486.274509803922	40036.711
492.14160977933	37606.133
498.13200498132	35143.504
504.290536418724	33131.733
510.582228444371	31889.567
517.032898302965	31233.981
523.670763123443	30563.474
530.458590006845	29354.716
537.4479889043	27522.932
544.600114190347	25334.901
551.945161577495	23086.252
559.516289143579	20951.284
567.272061850954	18941.196
575.272558571097	16936.981
583.474496517975	14864.333
591.94195149895	12789.038
600.629692419472	10860.459
609.576246190149	9159.975
618.824233955485	7702.5006
628.325310362301	6489.5423
638.155524677063	5522.6817
648.264324550397	4786.0702
658.698539176627	4236.2038
669.510285621727	3813.916
680.645515424306	3460.7815
692.196047783856	3122.7509
704.105388677531	2767.7451
716.431707880749	2382.4058
729.240178781463	1987.1369
742.47051074786	1627.9619
756.235896810392	1343.7622
770.473468373307	1138.5777
785.307156428119	974.68299
800.671530961452	801.44733
816.649104320337	591.27766
833.333333333334	364.27486
850.655141661522	169.19555
868.773208155258	42.759933
887.616320687187	0
