0.0	249.30406722115592	0.0
0.001	249.30406722115592	0.24930406722115592
0.002	249.30406722115592	0.49860813444231183
0.003	249.30406722115592	0.7479122016634677
0.004	249.30406722115592	0.9972162688846237
0.005	249.30406722115592	1.2465203361057797
0.006	249.30406722115592	1.4958244033269354
0.007	249.30406722115592	1.7451284705480914
0.008	249.30406722115592	1.9944325377692473
0.009000000000000001	249.30406722115592	2.2437366049904037
0.01	249.30406722115592	2.4930406722115594
0.011	249.30406722115592	2.7423447394327147
0.012	249.30406722115592	2.991648806653871
0.013000000000000001	249.30406722115592	3.240952873875027
0.014	249.30406722115592	3.490256941096183
0.015	249.30406722115592	3.7395610083173385
0.016	249.30406722115592	3.9888650755384947
0.017	249.30406722115592	4.238169142759651
0.018000000000000002	249.30406722115592	4.4874732099808075
0.019	249.30406722115592	4.736777277201963
0.02	249.30406722115592	4.986081344423119
0.021	249.30406722115592	5.235385411644274
0.022	249.30406722115592	5.4846894788654295
0.023	249.30406722115592	5.733993546086586
0.024	249.30406722115592	5.983297613307742
0.025	249.30406722115592	6.232601680528898
0.026000000000000002	249.30406722115592	6.481905747750054
0.027	249.30406722115592	6.731209814971209
0.028	249.30406722115592	6.980513882192366
0.029	249.30406722115592	7.229817949413522
0.03	249.30406722115592	7.479122016634677
0.031	249.30406722115592	7.728426083855833
0.032	249.30406722115592	7.977730151076989
0.033	249.30406722115592	8.227034218298146
0.034	249.30406722115592	8.476338285519303
0.035	249.30406722115592	8.725642352740458
0.036000000000000004	249.30406722115592	8.974946419961615
0.037	249.30406722115592	9.224250487182768
0.038	249.30406722115592	9.473554554403925
0.039	249.30406722115592	9.72285862162508
0.04	249.30406722115592	9.972162688846238
0.041	249.30406722115592	10.221466756067393
0.042	249.30406722115592	10.470770823288548
0.043000000000000003	249.30406722115592	10.720074890509705
0.044	249.30406722115592	10.969378957730859
0.045	249.30406722115592	11.218683024952016
0.046	249.30406722115592	11.467987092173171
0.047	249.30406722115592	11.717291159394328
0.048	249.30406722115592	11.966595226615484
0.049	249.30406722115592	12.21589929383664
0.05	249.30406722115592	12.465203361057796
0.051000000000000004	249.30406722115592	12.714507428278953
0.052000000000000005	249.30406722115592	12.963811495500108
0.053	249.30406722115592	13.213115562721264
0.054	249.30406722115592	13.462419629942419
0.055	249.30406722115592	13.711723697163576
0.056	249.30406722115592	13.961027764384731
0.057	249.30406722115592	14.210331831605888
0.058	249.30406722115592	14.459635898827043
0.059000000000000004	249.30406722115592	14.7089399660482
0.06	249.30406722115592	14.958244033269354
0.061	249.30406722115592	15.207548100490511
0.062	249.30406722115592	15.456852167711666
0.063	249.30406722115592	15.706156234932823
0.064	249.30406722115592	15.955460302153979
0.065	249.30406722115592	16.204764369375134
0.066	249.30406722115592	16.45406843659629
0.067	249.30406722115592	16.703372503817448
0.068	249.30406722115592	16.952676571038605
0.069	249.30406722115592	17.20198063825976
0.07	249.30406722115592	17.451284705480916
0.07100000000000001	249.30406722115592	17.700588772702073
0.07200000000000001	249.30406722115592	17.94989283992323
0.073	249.30406722115592	18.19919690714438
0.074	249.30406722115592	18.448500974365537
0.075	249.30406722115592	18.697805041586694
0.076	249.30406722115592	18.94710910880785
0.077	249.30406722115592	19.196413176029004
0.078	249.30406722115592	19.44571724325016
0.079	249.30406722115592	19.69502131047132
0.08	249.30406722115592	19.944325377692476
0.081	249.30406722115592	20.19362944491363
0.082	249.30406722115592	20.442933512134786
0.083	249.30406722115592	20.692237579355943
0.084	249.30406722115592	20.941541646577097
0.085	249.30406722115592	21.190845713798254
0.08600000000000001	249.30406722115592	21.44014978101941
0.08700000000000001	249.30406722115592	21.689453848240568
0.088	249.30406722115592	21.938757915461718
0.089	249.30406722115592	22.188061982682875
0.09	249.30406722115592	22.437366049904032
0.091	249.30406722115592	22.68667011712519
0.092	249.30406722115592	22.935974184346342
0.093	249.30406722115592	23.1852782515675
0.094	249.30406722115592	23.434582318788657
0.095	249.30406722115592	23.683886386009814
0.096	249.30406722115592	23.933190453230967
0.097	249.30406722115592	24.182494520452124
0.098	249.30406722115592	24.43179858767328
0.099	249.30406722115592	24.68110265489444
0.1	249.30406722115592	24.930406722115592
0.101	249.30406722115592	25.17971078933675
0.10200000000000001	249.30406722115592	25.429014856557906
0.10300000000000001	249.30406722115592	25.678318923779063
0.10400000000000001	249.30406722115592	25.927622991000217
0.105	249.30406722115592	26.17692705822137
0.106	249.30406722115592	26.426231125442527
0.107	249.30406722115592	26.675535192663684
0.108	249.30406722115592	26.924839259884838
0.109	249.30406722115592	27.174143327105995
0.11	249.30406722115592	27.42344739432715
0.111	249.30406722115592	27.67275146154831
0.112	249.30406722115592	27.922055528769462
0.113	249.30406722115592	28.17135959599062
0.114	249.30406722115592	28.420663663211776
0.115	249.30406722115592	28.669967730432933
0.116	249.30406722115592	28.919271797654087
0.117	249.30406722115592	29.168575864875244
0.11800000000000001	249.30406722115592	29.4178799320964
0.11900000000000001	249.30406722115592	29.667183999317558
0.12	249.30406722115592	29.916488066538708
0.121	249.30406722115592	30.165792133759865
0.122	249.30406722115592	30.415096200981022
0.123	249.30406722115592	30.66440026820218
0.124	249.30406722115592	30.913704335423333
0.125	249.30406722115592	31.16300840264449
0.126	249.30406722115592	31.412312469865647
0.127	249.30406722115592	31.6616165370868
0.128	249.30406722115592	31.910920604307957
0.129	249.30406722115592	32.160224671529114
0.13	249.30406722115592	32.40952873875027
0.131	249.30406722115592	32.65883280597143
0.132	249.30406722115592	32.90813687319258
0.133	249.30406722115592	33.157440940413736
0.134	249.30406722115592	33.406745007634896
0.135	249.30406722115592	33.65604907485605
0.136	249.30406722115592	33.90535314207721
0.137	249.30406722115592	34.154657209298364
0.138	249.30406722115592	34.40396127651952
0.139	249.30406722115592	34.65326534374068
0.14	249.30406722115592	34.90256941096183
0.14100000000000001	249.30406722115592	35.151873478182985
0.14200000000000002	249.30406722115592	35.401177545404146
0.14300000000000002	249.30406722115592	35.6504816126253
0.14400000000000002	249.30406722115592	35.89978567984646
0.145	249.30406722115592	36.149089747067606
0.146	249.30406722115592	36.39839381428876
0.147	249.30406722115592	36.64769788150992
0.148	249.30406722115592	36.897001948731074
0.149	249.30406722115592	37.14630601595223
0.15	249.30406722115592	37.39561008317339
0.151	249.30406722115592	37.64491415039454
0.152	249.30406722115592	37.8942182176157
0.153	249.30406722115592	38.143522284836855
0.154	249.30406722115592	38.39282635205801
0.155	249.30406722115592	38.64213041927917
0.156	249.30406722115592	38.89143448650032
0.157	249.30406722115592	39.14073855372148
0.158	249.30406722115592	39.39004262094264
0.159	249.30406722115592	39.63934668816379
0.16	249.30406722115592	39.88865075538495
0.161	249.30406722115592	40.137954822606105
0.162	249.30406722115592	40.38725888982726
0.163	249.30406722115592	40.63656295704842
0.164	249.30406722115592	40.88586702426957
0.165	249.30406722115592	41.135171091490726
0.166	249.30406722115592	41.384475158711886
0.167	249.30406722115592	41.63377922593304
0.168	249.30406722115592	41.88308329315419
0.169	249.30406722115592	42.132387360375354
0.17	249.30406722115592	42.38169142759651
0.171	249.30406722115592	42.63099549481767
0.17200000000000001	249.30406722115592	42.88029956203882
0.17300000000000001	249.30406722115592	43.129603629259975
0.17400000000000002	249.30406722115592	43.378907696481136
0.17500000000000002	249.30406722115592	43.62821176370229
0.176	249.30406722115592	43.877515830923436
0.177	249.30406722115592	44.126819898144596
0.178	249.30406722115592	44.37612396536575
0.179	249.30406722115592	44.62542803258691
0.18	249.30406722115592	44.874732099808064
0.181	249.30406722115592	45.12403616702922
0.182	249.30406722115592	45.37334023425038
0.183	249.30406722115592	45.62264430147153
0.184	249.30406722115592	45.871948368692685
0.185	249.30406722115592	46.121252435913846
0.186	249.30406722115592	46.370556503135
0.187	249.30406722115592	46.61986057035616
0.188	249.30406722115592	46.86916463757731
0.189	249.30406722115592	47.11846870479847
0.19	249.30406722115592	47.36777277201963
0.191	249.30406722115592	47.61707683924078
0.192	249.30406722115592	47.866380906461934
0.193	249.30406722115592	48.115684973683095
0.194	249.30406722115592	48.36498904090425
0.195	249.30406722115592	48.61429310812541
0.196	249.30406722115592	48.86359717534656
0.197	249.30406722115592	49.112901242567716
0.198	249.30406722115592	49.36220530978888
0.199	249.30406722115592	49.61150937701003
0.2	249.30406722115592	49.860813444231184
0.201	249.30406722115592	50.110117511452344
0.202	249.30406722115592	50.3594215786735
0.203	249.30406722115592	50.60872564589466
0.20400000000000001	249.30406722115592	50.85802971311581
0.20500000000000002	249.30406722115592	51.107333780336965
0.20600000000000002	249.30406722115592	51.356637847558126
0.20700000000000002	249.30406722115592	51.60594191477928
0.20800000000000002	249.30406722115592	51.85524598200043
0.209	249.30406722115592	52.10455004922159
0.21	249.30406722115592	52.35385411644274
0.211	249.30406722115592	52.60315818366389
0.212	249.30406722115592	52.852462250885054
0.213	249.30406722115592	53.10176631810621
0.214	249.30406722115592	53.35107038532737
0.215	249.30406722115592	53.60037445254852
0.216	249.3040672211559	53.84967851976967
0.217	249.3040672211559	54.09898258699083
0.218	249.3040672211559	54.34828665421198
0.219	249.3040672211559	54.59759072143314
0.22	249.3040672211559	54.846894788654296
0.221	249.3040672211559	55.09619885587545
0.222	249.3040672211559	55.34550292309661
0.223	249.3040672211559	55.594806990317764
0.224	249.3040672211559	55.84411105753892
0.225	249.3040672211559	56.09341512476008
0.226	249.3040672211559	56.34271919198123
0.227	249.3040672211559	56.59202325920239
0.228	249.3040672211559	56.841327326423546
0.229	249.3040672211559	57.0906313936447
0.23	249.3040672211559	57.33993546086586
0.231	249.3040672211559	57.58923952808701
0.232	249.3040672211559	57.83854359530817
0.233	249.3040672211559	58.08784766252933
0.234	249.3040672211559	58.33715172975048
0.23500000000000001	249.3040672211559	58.586455796971634
0.23600000000000002	249.3040672211559	58.835759864192795
0.23700000000000002	249.3040672211559	59.08506393141395
0.23800000000000002	249.3040672211559	59.33436799863511
0.23900000000000002	249.3040672211559	59.58367206585626
0.24	249.3040672211559	59.83297613307741
0.241	249.3040672211559	60.08228020029857
0.242	249.3040672211559	60.33158426751972
0.243	249.3040672211559	60.58088833474088
0.244	249.3040672211559	60.83019240196204
0.245	249.30406722115586	61.079496469183184
0.246	249.30406722115586	61.328800536404344
0.247	249.30406722115586	61.5781046036255
0.248	249.30406722115586	61.82740867084665
0.249	249.30406722115586	62.07671273806781
0.25	249.30406722115586	62.326016805288965
0.251	249.30406722115586	62.57532087251012
0.252	249.30406722115586	62.82462493973128
0.253	249.30406722115586	63.07392900695243
0.254	249.30406722115586	63.32323307417359
0.255	249.30406722115586	63.57253714139475
0.256	249.30406722115586	63.8218412086159
0.257	249.30406722115586	64.07114527583705
0.258	249.30406722115583	64.3204493430582
0.259	249.30406722115583	64.56975341027936
0.26	249.30406722115583	64.81905747750052
0.261	249.30406722115583	65.06836154472167
0.262	249.30406722115583	65.31766561194283
0.263	249.30406722115583	65.56696967916399
0.264	249.30406722115583	65.81627374638515
0.265	249.30406722115583	66.0655778136063
0.266	249.3040672211558	66.31488188082744
0.267	249.3040672211558	66.5641859480486
0.268	249.3040672211558	66.81349001526976
0.269	249.3040672211558	67.06279408249091
0.27	249.3040672211558	67.31209814971207
0.271	249.3040672211558	67.56140221693323
0.272	249.3040672211558	67.81070628415438
0.273	249.30406722115578	68.06001035137554
0.274	249.30406722115578	68.30931441859668
0.275	249.30406722115578	68.55861848581785
0.276	249.30406722115578	68.807922553039
0.277	249.30406722115578	69.05722662026015
0.278	249.30406722115575	69.3065306874813
0.279	249.30406722115575	69.55583475470246
0.28	249.30406722115575	69.80513882192362
0.281	249.30406722115575	70.05444288914477
0.28200000000000003	249.30406722115572	70.30374695636591
0.28300000000000003	249.30406722115572	70.55305102358707
0.28400000000000003	249.30406722115572	70.80235509080823
0.28500000000000003	249.30406722115572	71.0516591580294
0.28600000000000003	249.3040672211557	71.30096322525054
0.28700000000000003	249.3040672211557	71.55026729247169
0.28800000000000003	249.3040672211557	71.79957135969285
0.289	249.30406722115566	72.04887542691398
0.29	249.30406722115566	72.29817949413514
0.291	249.30406722115566	72.54748356135629
0.292	249.30406722115563	72.79678762857743
0.293	249.30406722115563	73.0460916957986
0.294	249.30406722115563	73.29539576301976
0.295	249.3040672211556	73.5446998302409
0.296	249.3040672211556	73.79400389746206
0.297	249.30406722115558	74.04330796468321
0.298	249.30406722115558	74.29261203190435
0.299	249.30406722115555	74.5419160991255
0.3	249.30406722115555	74.79122016634666
0.301	249.30406722115552	75.04052423356781
0.302	249.30406722115552	75.28982830078897
0.303	249.3040672211555	75.53913236801012
0.304	249.3040672211555	75.78843643523126
0.305	249.30406722115546	76.03774050245241
0.306	249.30406722115546	76.28704456967357
0.307	249.30406722115544	76.53634863689472
0.308	249.3040672211554	76.78565270411586
0.309	249.30406722115538	77.03495677133701
0.31	249.30406722115538	77.28426083855817
0.311	249.30406722115535	77.53356490577931
0.312	249.30406722115532	77.78286897300046
0.313	249.3040672211553	78.03217304022161
0.314	249.3040672211553	78.28147710744277
0.315	249.30406722115526	78.53078117466391
0.316	249.30406722115524	78.78008524188506
0.317	249.3040672211552	79.02938930910621
0.318	249.30406722115518	79.27869337632735
0.319	249.30406722115515	79.5279974435485
0.32	249.30406722115512	79.77730151076965
0.321	249.3040672211551	80.0266055779908
0.322	249.30406722115504	80.27590964521193
0.323	249.304067221155	80.52521371243307
0.324	249.30406722115498	80.77451777965422
0.325	249.30406722115495	81.02382184687536
0.326	249.3040672211549	81.2731259140965
0.327	249.30406722115487	81.52242998131764
0.328	249.3040672211548	81.77173404853878
0.329	249.30406722115478	82.02103811575992
0.33	249.30406722115472	82.27034218298107
0.331	249.3040672211547	82.51964625020221
0.332	249.30406722115464	82.76895031742335
0.333	249.30406722115458	83.01825438464448
0.334	249.30406722115453	83.26755845186561
0.335	249.30406722115447	83.51686251908676
0.336	249.3040672211544	83.76616658630789
0.337	249.30406722115436	84.01547065352902
0.338	249.3040672211543	84.26477472075015
0.339	249.30406722115424	84.5140787879713
0.34	249.30406722115418	84.76338285519243
0.341	249.3040672211541	85.01268692241355
0.342	249.30406722115404	85.26199098963468
0.343	249.30406722115396	85.51129505685581
0.34400000000000003	249.30406722115387	85.76059912407693
0.34500000000000003	249.30406722115382	86.00990319129808
0.34600000000000003	249.30406722115373	86.2592072585192
0.34700000000000003	249.30406722115364	86.50851132574033
0.34800000000000003	249.30406722115353	86.75781539296143
0.34900000000000003	249.30406722115345	87.00711946018257
0.35000000000000003	249.30406722115336	87.25642352740368
0.35100000000000003	249.30406722115325	87.5057275946248
0.352	249.30406722115313	87.75503166184589
0.353	249.30406722115302	88.00433572906701
0.354	249.3040672211529	88.25363979628813
0.355	249.3040672211528	88.50294386350923
0.356	249.30406722115268	88.75224793073035
0.357	249.30406722115256	89.00155199795147
0.358	249.30406722115242	89.25085606517257
0.359	249.30406722115228	89.50016013239366
0.36	249.30406722115214	89.74946419961476
0.361	249.304067221152	89.99876826683587
0.362	249.30406722115183	90.24807233405696
0.363	249.30406722115168	90.49737640127806
0.364	249.3040672211515	90.74668046849915
0.365	249.30406722115134	90.99598453572024
0.366	249.30406722115114	91.24528860294132
0.367	249.30406722115097	91.4945926701624
0.368	249.30406722115077	91.74389673738348
0.369	249.30406722115058	91.99320080460456
0.37	249.30406722115035	92.24250487182563
0.371	249.30406722115012	92.49180893904669
0.372	249.3040672211499	92.74111300626775
0.373	249.30406722114967	92.99041707348883
0.374	249.3040672211494	93.23972114070988
0.375	249.30406722114915	93.48902520793094
0.376	249.3040672211489	93.73832927515198
0.377	249.3040672211486	93.98763334237303
0.378	249.30406722114833	94.23693740959406
0.379	249.30406722114805	94.48624147681511
0.38	249.30406722114773	94.73554554403614
0.381	249.3040672211474	94.98484961125716
0.382	249.30406722114705	95.23415367847818
0.383	249.3040672211467	95.4834577456992
0.384	249.30406722114634	95.7327618129202
0.385	249.30406722114597	95.9820658801412
0.386	249.30406722114557	96.2313699473622
0.387	249.30406722114517	96.48067401458319
0.388	249.30406722114475	96.72997808180416
0.389	249.3040672211443	96.97928214902514
0.39	249.30406722114384	97.2285862162461
0.391	249.30406722114338	97.47789028346706
0.392	249.30406722114287	97.72719435068801
0.393	249.30406722114236	97.97649841790896
0.394	249.30406722114182	98.22580248512988
0.395	249.30406722114128	98.47510655235081
0.396	249.30406722114068	98.72441061957171
0.397	249.3040672211401	98.97371468679262
0.398	249.30406722113946	99.22301875401351
0.399	249.3040672211388	99.47232282123439
0.4	249.30406722113815	99.72162688845526
0.401	249.30406722113744	99.97093095567612
0.402	249.3040672211367	100.22023502289696
0.403	249.30406722113597	100.4695390901178
0.404	249.30406722113517	100.71884315733861
0.405	249.30406722113435	100.96814722455942
0.406	249.3040672211335	101.21745129178021
0.40700000000000003	249.3040672211326	101.46675535900098
0.40800000000000003	249.3040672211317	101.71605942622175
0.40900000000000003	249.30406722113074	101.96536349344248
0.41000000000000003	249.30406722112974	102.2146675606632
0.41100000000000003	249.30406722112872	102.46397162788391
0.41200000000000003	249.30406722112764	102.7132756951046
0.41300000000000003	249.30406722112653	102.96257976232526
0.41400000000000003	249.30406722112536	103.21188382954591
0.41500000000000004	249.30406722112417	103.46118789676655
0.41600000000000004	249.30406722112292	103.71049196398714
0.417	249.3040672211216	103.9597960312077
0.418	249.30406722112028	104.20910009842827
0.419	249.30406722111886	104.4584041656488
0.42	249.3040672211174	104.70770823286931
0.421	249.30406722111587	104.95701230008977
0.422	249.3040672211143	105.20631636731024
0.423	249.30406722111266	105.45562043453066
0.424	249.30406722111096	105.70492450175104
0.425	249.3040672211092	105.9542285689714
0.426	249.30406722110735	106.20353263619172
0.427	249.3040672211054	106.452836703412
0.428	249.30406722110342	106.70214077063227
0.429	249.30406722110135	106.95144483785248
0.43	249.30406722109922	107.20074890507266
0.431	249.30406722109697	107.4500529722928
0.432	249.30406722109464	107.69935703951289
0.433	249.30406722109223	107.94866110673293
0.434	249.30406722108972	108.19796517395294
0.435	249.3040672210871	108.44726924117289
0.436	249.30406722108438	108.69657330839279
0.437	249.30406722108157	108.94587737561264
0.438	249.30406722107864	109.19518144283245
0.439	249.3040672210756	109.44448551005219
0.44	249.30406722107242	109.69378957727186
0.441	249.30406722106912	109.94309364449148
0.442	249.3040672210657	110.19239771171104
0.443	249.30406722106216	110.44170177893054
0.444	249.30406722105846	110.69100584614996
0.445	249.3040672210546	110.94030991336929
0.446	249.30406722105062	111.18961398058858
0.447	249.30406722104647	111.43891804780777
0.448	249.30406722104215	111.68822211502689
0.449	249.30406722103766	111.9375261822459
0.45	249.304067221033	112.18683024946485
0.451	249.30406722102813	112.43613431668369
0.452	249.3040672210231	112.68543838390245
0.453	249.30406722101787	112.9347424511211
0.454	249.30406722101242	113.18404651833964
0.455	249.30406722100676	113.43335058555807
0.456	249.30406722100088	113.6826546527764
0.457	249.30406722099477	113.93195871999461
0.458	249.3040672209884	114.18126278721269
0.459	249.3040672209818	114.43056685443065
0.46	249.30406722097493	114.67987092164847
0.461	249.3040672209678	114.92917498886617
0.462	249.30406722096038	115.1784790560837
0.463	249.30406722095267	115.4277831233011
0.464	249.30406722094466	115.67708719051832
0.465	249.3040672209363	115.92639125773539
0.466	249.30406722092766	116.1756953249523
0.467	249.30406722091865	116.42499939216901
0.468	249.3040672209093	116.67430345938556
0.46900000000000003	249.30406722089955	116.9236075266019
0.47000000000000003	249.30406722088946	117.17291159381806
0.47100000000000003	249.30406722087895	117.42221566103399
0.47200000000000003	249.30406722086803	117.67151972824972
0.47300000000000003	249.30406722085667	117.92082379546521
0.47400000000000003	249.30406722084487	118.17012786268047
0.47500000000000003	249.3040672208326	118.4194319298955
0.47600000000000003	249.30406722081983	118.66873599711025
0.47700000000000004	249.3040672208066	118.91804006432476
0.47800000000000004	249.3040672207928	119.16734413153897
0.47900000000000004	249.3040672207785	119.41664819875291
0.48	249.3040672207636	119.66595226596652
0.481	249.30406722074812	119.91525633317984
0.482	249.30406722073207	120.16456040039286
0.483	249.30406722071532	120.41386446760549
0.484	249.30406722069796	120.66316853481781
0.485	249.30406722067988	120.91247260202974
0.486	249.30406722066112	121.1617766692413
0.487	249.3040672206416	121.41108073645246
0.488	249.30406722062133	121.6603848036632
0.489	249.30406722060025	121.90968887087352
0.49	249.30406722057833	122.15899293808339
0.491	249.30406722055554	122.40829700529277
0.492	249.30406722053186	122.65760107250168
0.493	249.30406722050725	122.90690513971008
0.494	249.30406722048167	123.15620920691795
0.495	249.30406722045507	123.40551327412525
0.496	249.30406722042744	123.654817341332
0.497	249.3040672203987	123.90412140853816
0.498	249.30406722036884	124.15342547574367
0.499	249.3040672203378	124.40272954294856
0.5	249.30406722030554	124.65203361015277
0.501	249.304067220272	124.90133767735627
0.502	249.30406722023713	125.15064174455904
0.503	249.3040672202009	125.39994581176104
0.504	249.30406722016323	125.64924987896227
0.505	249.30406722012407	125.89855394616265
0.506	249.3040672200834	126.1478580133622
0.507	249.30406722004108	126.39716208056083
0.508	249.3040672199971	126.64646614775853
0.509	249.3040672199514	126.89577021495526
0.51	249.3040672199039	127.145074282151
0.511	249.30406721985452	127.39437834934566
0.512	249.30406721980322	127.64368241653925
0.513	249.30406721974984	127.89298648373168
0.514	249.3040672196944	128.14229055092292
0.515	249.30406721963675	128.39159461811292
0.516	249.30406721957684	128.64089868530166
0.517	249.30406721951456	128.89020275248905
0.518	249.30406721944982	129.139506819675
0.519	249.30406721938255	129.38881088685955
0.52	249.3040672193126	129.63811495404255
0.521	249.3040672192399	129.887419021224
0.522	249.30406721916432	130.13672308840378
0.523	249.3040672190858	130.38602715558187
0.524	249.30406721900414	130.63533122275817
0.525	249.30406721891927	130.88463528993262
0.526	249.30406721883105	131.13393935710513
0.527	249.30406721873936	131.38324342427566
0.528	249.30406721864406	131.6325474914441
0.529	249.304067218545	131.8818515586103
0.53	249.30406721844201	132.13115562577428
0.531	249.30406721833498	132.3804596929359
0.532	249.30406721822374	132.62976376009505
0.533	249.3040672181081	132.87906782725162
0.534	249.3040672179879	133.12837189440555
0.535	249.30406721786295	133.3776759615567
0.536	249.30406721773306	133.62698002870493
0.537	249.30406721759806	133.87628409585017
0.538	249.30406721745774	134.12558816299227
0.539	249.30406721731188	134.3748922301311
0.54	249.30406721716028	134.62419629726656
0.541	249.3040672170027	134.87350036439847
0.542	249.3040672168389	135.12280443152667
0.543	249.30406721666864	135.37210849865107
0.544	249.30406721649166	135.62141256577146
0.545	249.30406721630771	135.8707166328877
0.546	249.3040672161165	136.12002069999963
0.547	249.30406721591774	136.369324767107
0.548	249.30406721571114	136.61862883420972
0.549	249.30406721549642	136.86793290130754
0.55	249.3040672152732	137.11723696840028
0.551	249.3040672150412	137.3665410354877
0.552	249.30406721480003	137.61584510256964
0.553	249.30406721454935	137.8651491696458
0.554	249.3040672142888	138.114453236716
0.555	249.30406721401795	138.36375730377998
0.556	249.30406721373643	138.61306137083747
0.557	249.30406721344383	138.86236543788823
0.558	249.30406721313966	139.11166950493194
0.559	249.3040672128235	139.36097357196834
0.56	249.30406721249489	139.61027763899716
0.561	249.30406721215329	139.85958170601802
0.562	249.3040672117982	140.1088857730306
0.5630000000000001	249.30406721142916	140.35818984003464
0.5640000000000001	249.30406721104555	140.6074939070297
0.5650000000000001	249.3040672106468	140.85679797401545
0.5660000000000001	249.30406721023232	141.10610204099152
0.5670000000000001	249.3040672098015	141.35540610795746
0.5680000000000001	249.3040672093537	141.60471017491292
0.5690000000000001	249.3040672088882	141.8540142418574
0.5700000000000001	249.30406720840438	142.1033183087905
0.5710000000000001	249.30406720790145	142.35262237571175
0.5720000000000001	249.30406720737872	142.60192644262065
0.5730000000000001	249.30406720683536	142.85123050951668
0.5740000000000001	249.30406720627056	143.10053457639933
0.5750000000000001	249.30406720568348	143.34983864326801
0.5760000000000001	249.30406720507324	143.5991427101222
0.577	249.30406720443895	143.84844677696125
0.578	249.30406720377965	144.09775084378464
0.579	249.30406720309435	144.34705491059162
0.58	249.304067202382	144.59635897738156
0.581	249.30406720164154	144.84566304415372
0.582	249.3040672008719	145.09496711090745
0.583	249.30406720007193	145.34427117764193
0.584	249.3040671992404	145.59357524435637
0.585	249.30406719837603	145.84287931104998
0.586	249.30406719747762	146.09218337772188
0.587	249.30406719654377	146.34148744437118
0.588	249.30406719557305	146.59079151099695
0.589	249.30406719456408	146.84009557759825
0.59	249.30406719351532	147.08939964417402
0.591	249.30406719242518	147.33870371072328
0.592	249.30406719129206	147.58800777724488
0.593	249.30406719011424	147.83731184373772
0.594	249.30406718888997	148.08661591020063
0.595	249.30406718761742	148.33591997663237
0.596	249.30406718629467	148.58522404303162
0.597	249.30406718491975	148.83452810939707
0.598	249.30406718349062	149.0838321757274
0.599	249.30406718200513	149.33313624202106
0.6	249.30406718046103	149.5824403082766
0.601	249.30406717885603	149.83174437449247
0.602	249.30406717718776	150.08104844066702
0.603	249.30406717545367	150.33035250679856
0.604	249.3040671736512	150.5796565728853
0.605	249.30406717177763	150.82896063892545
0.606	249.30406716983018	151.07826470491707
0.607	249.3040671678059	151.32756877085816
0.608	249.3040671657018	151.5768728367467
0.609	249.3040671635147	151.82617690258044
0.61	249.30406716124136	152.07548096835723
0.611	249.30406715887835	152.32478503407467
0.612	249.30406715642218	152.57408909973037
0.613	249.30406715386908	152.82339316532173
0.614	249.30406715121532	153.07269723084622
0.615	249.3040671484569	153.322001296301
0.616	249.3040671455897	153.57130536168324
0.617	249.3040671426094	153.82060942699
0.618	249.30406713951155	154.06991349221812
0.619	249.30406713629154	154.31921755736445
0.62	249.3040671329445	154.5685216224256
0.621	249.3040671294655	154.81782568739808
0.622	249.30406712584926	155.06712975227825
0.623	249.30406712209043	155.31643381706235
0.624	249.30406711818333	155.5657378817464
0.625	249.30406711412212	155.81504194632632
0.626	249.30406710990076	156.06434601079786
0.627	249.3040671055129	156.3136500751566
0.628	249.30406710095198	156.56295413939785
0.629	249.3040670962112	156.81225820351685
0.63	249.30406709128343	157.06156226750855
0.631	249.30406708616133	157.3108663313678
0.632	249.3040670808372	157.5601703950891
0.633	249.3040670753031	157.80947445866687
0.634	249.3040670695507	158.05877852209517
0.635	249.3040670635715	158.3080825853679
0.636	249.30406705735643	158.55738664847868
0.637	249.30406705089624	158.8066907114209
0.638	249.30406704418127	159.05599477418764
0.639	249.30406703720146	159.30529883677173
0.64	249.3040670299464	159.5546028991657
0.641	249.30406702240518	159.80390696136172
0.642	249.30406701456653	160.0532110233517
0.643	249.30406700641873	160.30251508512725
0.644	249.3040669979496	160.55181914667955
0.645	249.30406698914643	160.80112320799947
0.646	249.3040669799961	161.0504272690775
0.647	249.30406697048485	161.2997313299037
0.648	249.3040669605985	161.54903539046785
0.649	249.3040669503222	161.79833945075913
0.65	249.30406693964065	162.04764351076642
0.651	249.30406692853782	162.29694757047812
0.652	249.3040669169971	162.5462516298821
0.653	249.3040669050012	162.7955556889658
0.654	249.3040668925322	163.04485974771606
0.655	249.30406687957142	163.2941638061193
0.656	249.30406686609948	163.54346786416127
0.657	249.3040668520962	163.7927719218272
0.658	249.30406683754066	164.04207597910175
0.659	249.30406682241104	164.2913800359689
0.66	249.30406680668474	164.54068409241194
0.661	249.30406679033817	164.78998814841353
0.662	249.3040667733469	165.03929220395565
0.663	249.3040667556855	165.2885962590195
0.664	249.30406673732756	165.5379003135855
0.665	249.3040667182456	165.78720436763334
0.666	249.30406669841105	166.03650842114178
0.667	249.3040666777942	166.28581247408874
0.668	249.30406665636426	166.53511652645133
0.669	249.30406663408914	166.78442057820564
0.67	249.30406661093548	167.03372462932677
0.671	249.30406658686866	167.28302867978888
0.672	249.30406656185264	167.53233272956498
0.673	249.30406653585	167.78163677862707
0.674	249.30406650882185	168.03094082694594
0.675	249.3040664807277	168.28024487449122
0.676	249.30406645152556	168.52954892123128
0.677	249.30406642117165	168.77885296713322
0.678	249.30406638962063	169.0281570121628
0.679	249.30406635682525	169.27746105628435
0.68	249.30406632273645	169.5267650994608
0.681	249.30406628730316	169.77606914165347
0.682	249.30406625047243	170.02537318282222
0.683	249.3040662121891	170.27467722292516
0.684	249.3040661723959	170.5239812619188
0.685	249.30406613103327	170.7732852997578
0.686	249.3040660880393	171.02258933639496
0.687	249.30406604334968	171.27189337178123
0.6880000000000001	249.30406599689752	171.5211974058655
0.6890000000000001	249.30406594861333	171.7705014385946
0.6900000000000001	249.3040658984248	172.0198054699131
0.6910000000000001	249.30406584625686	172.26910949976352
0.6920000000000001	249.30406579203145	172.51841352808577
0.6930000000000001	249.30406573566742	172.76771755481755
0.6940000000000001	249.30406567708042	173.01702157989382
0.6950000000000001	249.30406561618275	173.26632560324703
0.6960000000000001	249.30406555288332	173.5156296248068
0.6970000000000001	249.3040654870874	173.76493364449993
0.6980000000000001	249.3040654186965	174.01423766225017
0.6990000000000001	249.3040653476083	174.2635416779782
0.7000000000000001	249.3040652737164	174.51284569160148
0.7010000000000001	249.30406519691024	174.7621497030341
0.7020000000000001	249.30406511707488	175.01145371218658
0.7030000000000001	249.30406503409085	175.2607577189659
0.704	249.30406494783398	175.5100617232751
0.705	249.30406485817517	175.75936572501348
0.706	249.30406476498027	176.00866972407607
0.707	249.30406466810976	176.2579737203536
0.708	249.30406456741875	176.50727771373246
0.709	249.30406446275654	176.75658170409437
0.71	249.30406435396648	177.0058856913162
0.711	249.3040642408858	177.2551896752698
0.712	249.30406412334526	177.50449365582182
0.713	249.30406400116897	177.75379763283345
0.714	249.30406387417412	178.0031016061603
0.715	249.30406374217063	178.25240557565198
0.716	249.304063604961	178.50170954115205
0.717	249.30406346233985	178.75101350249767
0.718	249.3040633140938	179.00031745951935
0.719	249.30406316000102	179.24962141204074
0.72	249.30406299983088	179.49892535987823
0.721	249.30406283334366	179.74822930284077
0.722	249.3040626602903	179.99753324072958
0.723	249.30406248041177	180.2468371733377
0.724	249.3040622934389	180.49614110044976
0.725	249.30406209909194	180.74544502184165
0.726	249.30406189707998	180.99474893728006
0.727	249.30406168710078	181.24405284652227
0.728	249.3040614688401	181.49335674931558
0.729	249.3040612419713	181.74266064539708
0.73	249.3040610061549	181.9919645344931
0.731	249.30406076103802	182.24126841631877
0.732	249.30406050625382	182.4905722905778
0.733	249.30406024142104	182.73987615696163
0.734	249.30405996614337	182.98918001514923
0.735	249.3040596800089	183.23848386480654
0.736	249.3040593825894	183.4877877055858
0.737	249.3040590734398	183.7370915371251
0.738	249.30405875209746	183.98639535904792
0.739	249.30405841808152	184.23569917096225
0.74	249.30405807089218	184.48500297246022
0.741	249.30405771000983	184.73430676311727
0.742	249.30405733489442	184.98361054249165
0.743	249.30405694498464	185.2329143101236
0.744	249.30405653969697	185.48221806553454
0.745	249.30405611842497	185.7315218082266
0.746	249.30405568053814	185.98082553768145
0.747	249.3040552253813	186.23012925335982
0.748	249.30405475227323	186.47943295470037
0.749	249.304054260506	186.72873664111899
0.75	249.3040537493437	186.97804031200778
0.751	249.30405321802138	187.22734396673405
0.752	249.30405266574394	187.47664760463945
0.753	249.30405209168492	187.72595122503876
0.754	249.3040514949853	187.97525482721892
0.755	249.30405087475205	188.2245584104378
0.756	249.3040502300571	188.47386197392316
0.757	249.3040495599357	188.72316551687132
0.758	249.30404886338496	188.9724690384458
0.759	249.30404813936258	189.2217725377762
0.76	249.30404738678507	189.47107601395666
0.761	249.30404660452626	189.72037946604448
0.762	249.3040457914155	189.9696828930586
0.763	249.30404494623602	190.21898629397808
0.764	249.304044067723	190.46828966774038
0.765	249.30404315456184	190.71759301323982
0.766	249.304042205386	190.96689632932566
0.767	249.3040412187751	191.2161996148005
0.768	249.3040401932527	191.46550286841807
0.769	249.3040391272841	191.7148060888815
0.77	249.30403801927423	191.96410927484115
0.771	249.30403686756492	192.21341242489257
0.772	249.3040356704327	192.46271553757407
0.773	249.30403442608613	192.71201861136458
0.774	249.30403313266305	192.96132164468122
0.775	249.30403178822797	193.21062463587668
0.776	249.30403039076893	193.4599275832367
0.777	249.30402893819476	193.70923048497733
0.778	249.30402742833166	193.95853333924205
0.779	249.30402585892028	194.2078361440989
0.78	249.30402422761196	194.45713889753733
0.781	249.3040225319656	194.70644159746513
0.782	249.30402076944367	194.95574424170496
0.783	249.30401893740867	195.205046827991
0.784	249.304017033119	195.4543493539653
0.785	249.304015053725	195.70365181717415
0.786	249.3040129962646	195.95295421506398
0.787	249.30401085765882	196.2022565449775
0.788	249.3040086347074	196.45155880414944
0.789	249.30400632408376	196.7008609897021
0.79	249.30400392233014	196.95016309864081
0.791	249.30400142585242	197.19946512784927
0.792	249.30399883091474	197.4487670740845
0.793	249.30399613363383	197.69806893397163
0.794	249.3039933299734	197.94737070399887
0.795	249.3039904157378	198.19667238051156
0.796	249.30398738656604	198.44597395970658
0.797	249.30398423792508	198.6952754376263
0.798	249.30398096510314	198.9445768101523
0.799	249.30397756320252	199.1938780729988
0.8	249.30397402713245	199.44317922170598
0.801	249.30397035160135	199.6924802516327
0.802	249.30396653110893	199.94178115794938
0.803	249.30396255993796	200.1910819356302
0.804	249.30395843214575	200.44038257944518
0.805	249.30395414155527	200.689683083952
0.806	249.3039496817458	200.93898344348713
0.807	249.30394504604337	201.188283652157
0.808	249.30394022751094	201.43758370382884
0.809	249.30393521893768	201.6868835921206
0.81	249.30393001282852	201.9361833103911
0.811	249.3039246013927	202.1854828517295
0.812	249.30391897653226	202.4347822089442
0.8130000000000001	249.30391312982982	202.68408137455165
0.8140000000000001	249.303907052536	202.93338034076433
0.8150000000000001	249.3039007355564	203.1826790994785
0.8160000000000001	249.3038941694379	203.43197764226136
0.8170000000000001	249.30388734435462	203.68127596033773
0.8180000000000001	249.30388025009304	203.93057404457613
0.8190000000000001	249.30387287603693	204.17987188547426
0.8200000000000001	249.30386521115133	204.4291694731441
0.8210000000000001	249.303857243966	204.6784667972961
0.8220000000000001	249.30384896255842	204.92776384722305
0.8230000000000001	249.30384035453577	205.17706061178296
0.8240000000000001	249.3038314070165	205.4263570793816
0.8250000000000001	249.30382210661105	205.67565323795412
0.8260000000000001	249.3038124394017	205.92494907494583
0.8270000000000001	249.30380239092187	206.1742445772924
0.8280000000000001	249.30379194613445	206.42353973139933
0.8290000000000001	249.30378108940926	206.6728345231203
0.8300000000000001	249.30376980449958	206.92212893773467
0.8310000000000001	249.30375807451807	207.17142295992454
0.8320000000000001	249.30374588191128	207.4207165737502
0.833	249.30373320843344	207.67000976262506
0.834	249.30372003511926	207.91930250928945
0.835	249.30370634225537	208.16859479578324
0.836	249.303692109351	208.41788660341743
0.837	249.30367731510717	208.66717791274468
0.838	249.30366193738487	208.91646870352852
0.839	249.303645953172	209.1657589547113
0.84	249.30362933854886	209.41504864438105
0.841	249.3036120686523	209.66433774973657
0.842	249.30359411763868	209.91362624705175
0.843	249.303575458645	210.16291411163775
0.844	249.30355606374889	210.41220131780406
0.845	249.3035359039266	210.66148783881795
0.846	249.30351494900984	210.9107736468623
0.847	249.30349316764043	211.16005871299143
0.848	249.3034705272234	211.40934300708543
0.849	249.30344699387837	211.65862649780271
0.85	249.30342253238857	211.90790915253027
0.851	249.30339710614845	212.15719093733233
0.852	249.30337067710866	212.40647181689658
0.853	249.3033432057192	212.65575175447847
0.854	249.30331465087028	212.9050307118432
0.855	249.30328496983074	213.1543086492053
0.856	249.3032541181841	213.4035855251656
0.857	249.30322204976216	213.65286129664617
0.858	249.30318871657585	213.90213591882207
0.859	249.30315406874337	214.15140934505055
0.86	249.3031180544157	214.4006815267975
0.861	249.30308061969885	214.6499524135607
0.862	249.30304170857332	214.89922195279019
0.863	249.30300126281017	215.14849008980516
0.864	249.302959221884	215.3977567677078
0.865	249.3029155228823	215.6470219272932
0.866	249.30287010041127	215.89628550695616
0.867	249.30282288649803	216.1455474425938
0.868	249.30277381048896	216.3948076675044
0.869	249.30272279894373	216.6440661122821
0.87	249.30266977552571	216.89332270470737
0.871	249.30261466088754	217.14257736963305
0.872	249.30255737255237	217.39183002886566
0.873	249.30249782479058	217.64108060104218
0.874	249.30243592849135	217.89032900150144
0.875	249.30237159102947	218.1395751421508
0.876	249.30230471612649	218.3888189313268
0.877	249.30223520370689	218.63806027365095
0.878	249.30216294974818	218.8872990698789
0.879	249.30208784612526	219.1365352167441
0.88	249.30200978044863	219.38576860679478
0.881	249.30192863589622	219.63499912822456
0.882	249.30184429103852	219.88422666469597
0.883	249.30175661965689	220.13345109515703
0.884	249.3016654905547	220.38267229365036
0.885	249.301570767361	220.63189012911448
0.886	249.3014723083264	220.8811044651772
0.887	249.30136996611097	221.13031515994044
0.888	249.30126358756377	221.37952206575662
0.889	249.3011530134937	221.6287250289959
0.89	249.30103807843113	221.87792388980372
0.891	249.3009186103805	222.12711848184904
0.892	249.30079443056272	222.37630863206195
0.893	249.30066535314782	222.625494160361
0.894	249.3005311849767	222.87467487936917
0.895	249.3003917252722	223.1238505941186
0.896	249.30024676533856	223.37302110174335
0.897	249.30009608824918	223.62218619115953
0.898	249.29993946852198	223.87134564273273
0.899	249.29977667178196	224.120499227932
0.9	249.29960745441042	224.36964670896938
0.901	249.29943156318055	224.61878783842567
0.902	249.29924873487826	224.8679223588602
0.903	249.2990586959085	225.1170500024054
0.904	249.29886116188578	225.36617049034476
0.905	249.29865583720849	225.6152835326737
0.906	249.2984424146166	225.86438882764264
0.907	249.29822057473203	226.11348606128195
0.908	249.29798998558041	226.362574906907
0.909	249.29775030209456	226.61165502460395
0.91	249.2975011655979	226.8607260606941
0.911	249.2972422032679	227.10978764717706
0.912	249.29697302757805	227.3588394011512
0.913	249.2966932357179	227.60788092421043
0.914	249.29640240899045	227.85691180181726
0.915	249.29610011218534	228.1059316026496
0.916	249.2957858929278	228.35493987792188
0.917	249.2954592810016	228.60393616067847
0.918	249.29511978764535	228.85291996505845
0.919	249.2947669048211	229.1018907855306
0.92	249.2944001044542	229.35084809609788
0.921	249.2940188376429	229.59979134946914
0.922	249.29362253383707	229.8487199761978
0.923	249.29321059998418	230.0976333837854
0.924	249.29278241964218	230.3465309557494
0.925	249.29233735205668	230.59541205065244
0.926	249.29187473120226	230.8442760010933
0.927	249.29139386478573	231.09312211265637
0.928	249.29089403321024	231.3419496628191
0.929	249.29037448849823	231.59075789981486
0.93	249.28983445317238	231.83954604145032
0.931	249.28927311909186	232.08831327387455
0.932	249.28868964624323	232.3370587502987
0.933	249.28808316148326	232.5857815896639
0.934	249.28745275723236	232.83448087525503
0.935	249.28679749011633	233.08315565325879
0.936	249.28611637955476	233.33180493126326
0.937	249.2854084062936	233.58042767669713
0.9380000000000001	249.28467251087983	233.8290228152053
0.9390000000000001	249.2839075920761	234.07758922895948
0.9400000000000001	249.28311250521276	234.3261257549
0.9410000000000001	249.2822860604748	234.5746311829068
0.9420000000000001	249.28142702112157	234.82310425389653
0.9430000000000001	249.28053410163582	235.0715436578426
0.9440000000000001	249.27960596580007	235.31994803171528
0.9450000000000001	249.27864122469705	235.56831595733874
0.9460000000000001	249.2776384346312	235.81664595916112
0.9470000000000001	249.27659609496826	236.06493650193497
0.9480000000000001	249.27551264588953	236.3131859883033
0.9490000000000001	249.2743864660579	236.56139275628897
0.9500000000000001	249.2732158701913	236.80955507668176
0.9510000000000001	249.27199910654096	237.05767115032046
0.9520000000000001	249.27073435426985	237.3057391052649
0.9530000000000001	249.26941972072802	237.55375699385382
0.9540000000000001	249.26805323862015	237.80172278964363
0.9550000000000001	249.26663286306174	238.049634384224
0.9560000000000001	249.2651564685189	238.2974895839041
0.9570000000000001	249.26362184562765	238.54528610626568
0.9580000000000001	249.26202669788765	238.7930215765764
0.9590000000000001	249.26036863822557	239.04069352405836
0.96	249.25864518542306	239.28829937800614
0.961	249.25685376040352	239.53583646374776
0.962	249.25499168237275	239.78330199844257
0.963	249.2530561648072	240.0306930867093
0.964	249.2510443112841	240.27800671607787
0.965	249.24895311114693	240.5252397522568
0.966	249.2467794350004	240.7723889342104
0.967	249.24452003002708	241.01945086903618
0.968	249.24217151511994	241.2664220266361
0.969	249.23973037582252	241.51329873417203
0.97	249.23719295906986	241.76007717029776
0.971	249.23455546772163	242.0067533591577
0.972	249.23181395488	242.25332316414335
0.973	249.22896431798324	242.4997822813977
0.974	249.22600229266638	242.74612623305705
0.975	249.22292344637978	242.99235036022029
0.976	249.21972317175604	243.23844981563389
0.977	249.21639667971522	243.48441955608178
0.978	249.21293899229806	243.7302543344675
0.979	249.209344935217	243.97594869157743
0.98	249.2056091301127	244.22149694751045
0.981	249.20172598650572	244.46689319276211
0.982	249.19768969343065	244.7121312789489
0.983	249.19349421074017	244.9572048091576
0.984	249.18913326006611	245.20210712790507
0.985	249.1846003154244	245.44683131069303
0.986	249.17988859344888	245.69137015314058
0.987	249.17499104324054	245.9357161596784
0.988	249.16990033581595	246.17986153178614
0.989	249.1646088531399	246.42379815575535
0.99	249.1591086767251	246.66751758995787
0.991	249.1533915757828	246.91101105160075
0.992	249.14744899490543	247.1542694029462
0.993	249.141272041264	247.39728313697515
0.994	249.1348514713002	247.6400423624724
0.995	249.128177676894	247.88253678850955
0.996	249.12124067098526	248.1247557083013
0.997	249.11403007262857	248.36668798241067
0.998	249.10653509145868	248.60832202127577
0.999	249.09874451154315	248.8496457670316
1.0	249.09064667459802	249.09064667459802
1.0010000000000001	249.0822294625418	249.33131169200436
1.002	249.07348027936123	249.57162723991996
1.0030000000000001	249.06438603226184	249.81157919035866
1.004	249.05493311207516	250.05115284452347
1.0050000000000001	249.0451073728931	250.2903329097576
1.006	249.03489411089922	250.52910347556463
1.0070000000000001	249.02427804236504	250.76744798866162
1.008	249.01324328077857	251.0053492270248
1.0090000000000001	249.00177331307086	251.24278927288853
1.01	248.98985097490478	251.47974948465384
1.0110000000000001	248.9774584249893	251.7162104676642
1.012	248.96457711838082	251.9521520438014
1.0130000000000001	248.95118777873134	252.18755321985486
1.014	248.93727036944213	252.42239215461433
1.0150000000000001	248.92280406368	252.65664612463522
1.016	248.90776721321055	252.89029148862193
1.0170000000000001	248.89213731600265	253.1233036503747
1.018	248.87589098255492	253.35565702024093
1.0190000000000001	248.85900390089446	253.58732497501148
1.02	248.8414508001949	253.8182798161988
1.0210000000000001	248.82320541295962	254.04849272663182
1.022	248.8042404357135	254.2779337252992
1.0230000000000001	248.78452748814448	254.50657162037183
1.024	248.76403707063352	254.73437396032872
1.025	248.7427385201096	254.96130698311234
1.026	248.72059996416385	255.18733556323212
1.027	248.69758827335352	255.41242315673404
1.028	248.67366901162535	255.63653174395085
1.029	248.64880638478337	255.85962176994207
1.03	248.62296318692432	256.08165208253206
1.031	248.59610074476055	256.3025798678481
1.032	248.568178859747	256.52236058325894
1.033	248.53915574792583	256.7409478876074
1.034	248.50898797739833	256.95829356862987
1.035	248.4776304033309	257.17434746744743
1.036	248.44503610039757	257.3890574000119
1.037	248.4111562925584	257.602369075383
1.038	248.37594028006785	257.81422601071046
1.039	248.3393353636049	258.0245694427855
1.04	248.30128676541054	258.23333823602695
1.041	248.26173754731522	258.4404687867551
1.042	248.22062852553307	258.64589492360545
1.043	248.1778981820959	258.849547803926
1.044	248.13348257279395	259.0513558059969
1.045	248.08731523148626	259.25124441690315
1.046	248.03932707063643	259.4491361158857
1.047	247.9894462779263	259.64495025298885
1.048	247.93759820879154	259.83860292281355
1.049	247.8837052747192	260.03000683318044
1.05	247.8276868271397	260.21907116849667
1.051	247.76945903673945	260.4057014476131
1.052	247.70893476801382	260.5897993759506
1.053	247.6460234488723	260.7712626916625
1.054	247.58063093510128	260.9499850055968
1.055	247.51265936948087	261.1258556348023
1.056	247.44200703534568	261.29875942932506
1.057	247.36856820436998	261.4685765920191
1.058	247.29223297834957	261.6351824910939
1.059	247.21288712474373	261.7984474651036
1.06	247.13041190573065	261.9582366200745
1.061	247.04468390052145	262.11440961845324
1.062	246.9555748206658	262.2668204595471
1.063	246.86295131807356	262.4153172511122
1.064	246.7666747854648	262.5597419717346
1.065	246.66660114894987	262.6999302236316
1.066	246.56258065242835	262.8357109754886
1.067	246.45445763348556	262.96690629492906
1.068	246.3420702904499	263.0933310702005
1.069	246.22525044026338	263.2147927206415
1.07	246.10382326680235	263.33109089547855
1.071	245.9776070592728	263.44201716048116
1.072	245.84641294028697	263.54735467198765
1.073	245.71004458321656	263.64687783779135
1.074	245.56829791839775	263.7403519643592
1.075	245.42096082774935	263.82753288983054
1.076	245.26781282734675	263.9081666022251
1.077	245.10862473747687	263.9819888422626
1.078	244.94315833967985	264.0487246901749
1.079	244.7711660202652	264.1080881358662
1.08	244.59239039976777	264.1597816317492
1.081	244.40656394779006	264.20349562756104
1.082	244.21340858265387	264.2389080864315
1.083	244.01263525526258	264.26568398144934
1.084	243.80394351655082	264.2834747719411
1.085	243.58702106787484	264.2919178586442
1.086	243.36154329367042	264.2906360169261
1.087	243.12717277567896	264.27923680716304
1.088	242.88355878801454	264.25731196135985
1.089	242.63033677231783	264.2244367450541
1.09	242.3671277922083	264.18016929350705
1.091	242.09353796622233	264.1240499211485
1.092	241.80915787838532	264.05560040319676
1.093	241.51356196553763	263.97432322833265
1.094	241.2063078804964	263.8797008212631
1.095	240.8869358301017	263.77119473396135
1.096	240.55496788715413	263.64824480432094
1.097	240.209907275217	263.51026828091307
1.098	239.85123762521027	263.3566589124809
1.099	239.47842220268586	263.18678600075174
1.1	239.0909031046257	262.9999934150883
1.101	238.68810042456383	262.79559856744476
1.102	238.26941138477886	262.5728913460263
1.103	237.83420943426285	262.3311330059919
1.104	237.3818433111128	262.06955501546855
1.105	236.911636067944	261.7873578550781
1.106	236.42288405886592	261.4837097691057
1.107	235.9148558865055	261.1577454663616
1.108	235.38679130749955	260.8085647687095
1.109	234.83790009482342	260.4352312051592
1.11	234.26736085524732	260.03677054932456
1.111	233.67431980015562	259.6121692979729
1.112	233.0578894678865	259.1603730882898
1.113	232.41714739568312	258.6802850513953
1.114	231.75113473926424	258.1707640995404
1.115	231.05885483795439	257.63062314431915
1.116	230.33927172322115	257.0586272431148
1.117	229.59130856839138	256.4534916708932
1.118	228.81384607722293	255.81387991433527
1.119	228.00572080892545	255.13840158518758
1.12	227.16572343711692	254.42561024957098
1.121	226.29259694011768	253.6740011698719
1.122	225.3850347198684	252.88200895569236
1.123	224.44167864665948	252.0480051201986
1.124	223.4611170267458	251.1702955380623
1.125	222.44188248980475	250.24711780103036
1.1260000000000001	221.3824497930759	249.27663846700347
1.127	220.28123353889936	248.25695019833958
1.1280000000000001	219.1365858022313	247.18606878491696
1.129	217.9467936645925	246.06193004732492
1.1300000000000001	216.7100766507557	244.88238661535397
1.131	215.42458406433778	243.64520457676602
1.1320000000000001	214.08839221830684	242.34805999112336
1.133	212.6995015562663	240.98853526324973
1.1340000000000001	211.25583366019697	239.5641153706634
1.135	209.75522814019237	238.07218393911833
1.1360000000000001	208.19543940152215	236.5100191601292
1.137	206.57413328419315	234.87478954412762
1.1380000000000001	204.88888356997137	233.16354950262743
1.139	203.13716835165013	231.3732347525295
1.1400000000000001	201.3163662591146	229.50065753539067
1.141	199.42375253657218	227.54250164422885
1.1420000000000001	197.45649496506547	225.4953172501048
1.143	195.4116496241731	223.35551552042986
1.1440000000000001	193.28615648655156	221.119363020615
1.145	191.0768348387337	218.7829758903501
1.1460000000000001	188.78037852131544	216.3423137854275
1.147	186.39335098142953	213.79317357569968
1.1480000000000001	183.91218013008037	211.13118278933229
1.149	181.33315299666162	208.3517927931642
1.1500000000000001	178.65241017264486	205.45027169854163
1.151	175.8659400361381	202.42169698159498
1.1520000000000001	172.96957274865082	199.26094780644576
1.153	169.958974015107	195.96269703941837
1.154	166.8296385977481	192.52140294180128
1.155	163.57688357422705	188.93130052823224
1.156	160.19584132981052	185.18639257726096
1.157	156.6814522731895	181.28044028008026
1.158	153.02845726501207	177.20695351288396
1.159	149.2313897477892	172.95918071768767
1.16	145.28456756542556	168.53009837589363
1.161	141.182084460095	163.9124000581703
1.162	136.91780123377538	159.09848503364697
1.163	132.4853365611863	154.08044642065968
1.164	127.87805744039807	148.85005886062334
1.165	123.08906926681557	143.39876569584015
1.166	118.11120551568581	137.71766563128963
1.167	112.93701701768231	131.79749885963525
1.168	107.55876081153744	125.62863262787572
1.169	101.96838855700864	119.2010462231431
1.17	96.15753449087129	112.5043153543194
1.171	90.11750290789556	105.5275959051457
1.172	83.83925514808078	98.25960703355067
1.173	77.31339607066482	90.68861359088984
1.174	70.53015999469366	82.80240783377036
1.175	63.47939608506138	74.58829039994713
1.176	56.15055316222106	66.03305051877196
1.177	48.53266391275568	57.12294542531344
1.178	40.614328477264195	47.84367894621722
1.179	32.38369739091769	38.180379223891954
1.18	23.82845385123602	28.117575544458504
1.181	14.93579528648985	17.639174233344512
1.182	5.692414197177754	6.728433581064105
1.183	-3.9155217581021873	-4.632062239834887
